invoke_id,req,received,start_pullHandler,end_pullHandler,start_create,unpause,end_create,start_import,end_import,start_execute,end_execute,failed,split_generation,zygote_miss
fn4_1,1705126078751.3071,1705126078804.3257,1705126078758.4534,1705126078758.6128,1705126078758.6436,1705126078758.6436,1705126078798.2102,1705126078797.967,1705126078797.968,1705126078803.106,1705126078803.1064,[],0,0
fn1_1,1705126078749.195,1705126078826.306,1705126078753.3892,1705126078753.9636,1705126078753.9949,1705126078753.9949,1705126078795.3577,1705126078795.1355,1705126078821.5557,1705126078825.127,1705126078825.1277,[],78,0
fn7_1,1705126078826.3743,1705126078845.3474,1705126078827.7114,1705126078828.096,1705126078828.1548,1705126078828.155,1705126078837.992,1705126078838.2395,1705126078839.5818,1705126078844.2683,1705126078844.2688,[],68,0
fn2_1,1705126078749.979,1705126078846.7876,1705126078752.2756,1705126078752.6106,1705126078752.82,1705126078752.8203,1705126078799.808,1705126078800.0513,1705126078843.5676,1705126078845.79,1705126078845.7905,[],55,0
fn8_1,1705126078845.4036,1705126078878.269,1705126078847.7097,1705126078847.984,1705126078848.0476,1705126078848.0479,1705126078857.1216,1705126078858.4614,1705126078873.1409,1705126078877.1165,1705126078877.1172,[],57,0
fn6_1,1705126078804.368,1705126078886.6504,1705126078805.287,1705126078805.585,1705126078805.6309,1705126078805.6313,1705126078811.6516,1705126078812.472,1705126078883.8655,1705126078885.9004,1705126078885.9011,[],2,0
fn11_1,1705126078886.6912,1705126078900.3442,1705126078887.5933,1705126078887.8032,1705126078887.8435,1705126078887.8438,1705126078895.5654,1705126078895.5276,1705126078896.4138,1705126078899.483,1705126078899.4834,[],31,0
fn12_1,1705126078900.3914,1705126078923.673,1705126078901.2979,1705126078901.522,1705126078901.5615,1705126078901.5618,1705126078910.022,1705126078910.1987,1705126078919.7695,1705126078922.753,1705126078922.7534,[],57,0
fn9_1,1705126078846.8306,1705126078926.182,1705126078847.7268,1705126078848.211,1705126078848.252,1705126078848.252,1705126078854.0417,1705126078856.3572,1705126078922.3503,1705126078925.3452,1705126078925.346,[],0,0
fn3_1,1705126078750.7578,1705126078933.852,1705126078753.3608,1705126078754.2573,1705126078754.3025,1705126078754.3027,1705126078808.8625,1705126078810.1946,1705126078930.26,1705126078932.9644,1705126078932.9648,['requests_toolbelt'],43,0
fn5_1,1705126078752.118,1705126078935.9634,1705126078752.8884,1705126078754.2026,1705126078754.2336,1705126078754.234,1705126078798.4187,1705126078800.821,1705126078932.428,1705126078935.2815,1705126078935.2825,['requests_toolbelt'],43,0
fn13_1,1705126078923.7336,1705126078937.354,1705126078924.6814,1705126078924.872,1705126078924.9119,1705126078924.9119,1705126078930.1433,1705126078931.1335,1705126078931.5815,1705126078936.1904,1705126078936.1912,[],0,0
fn14_1,1705126078926.2312,1705126078941.9902,1705126078927.1973,1705126078927.4373,1705126078927.4841,1705126078927.4844,1705126078934.661,1705126078934.4663,1705126078938.2075,1705126078941.2063,1705126078941.207,[],0,0
fn15_1,1705126078933.9148,1705126078947.748,1705126078935.137,1705126078935.3357,1705126078935.3872,1705126078935.3872,1705126078942.08,1705126078942.0637,1705126078942.112,1705126078946.9065,1705126078946.907,[],5,0
fn16_1,1705126078936.0051,1705126078960.0068,1705126078936.8257,1705126078937.0847,1705126078937.125,1705126078937.125,1705126078945.6833,1705126078945.4792,1705126078955.9421,1705126078959.1628,1705126078959.1633,[],57,0
fn17_1,1705126078937.3813,1705126078992.7922,1705126078938.0195,1705126078938.2004,1705126078938.2253,1705126078938.2256,1705126078945.3972,1705126078945.3616,1705126078989.3987,1705126078991.929,1705126078991.9294,[],78,0
fn20_1,1705126078960.0493,1705126079014.9822,1705126078960.9214,1705126078961.2725,1705126078961.3281,1705126078961.3284,1705126078972.3203,1705126078972.9514,1705126079011.6973,1705126079013.8342,1705126079013.835,[],55,0
fn22_1,1705126079015.0403,1705126079038.1313,1705126079016.2654,1705126079016.464,1705126079016.5168,1705126079016.5168,1705126079022.4229,1705126079022.4463,1705126079034.48,1705126079037.112,1705126079037.1125,[],0,0
fn10_1,1705126078878.327,1705126079066.46,1705126078881.0923,1705126078881.5654,1705126078881.6245,1705126078881.6248,1705126078895.5923,1705126078898.509,1705126079062.5947,1705126079065.3708,1705126079065.3718,['requests_toolbelt'],43,0
fn24_1,1705126079066.5288,1705126079100.499,1705126079067.8267,1705126079068.1467,1705126079068.206,1705126079068.2063,1705126079078.8567,1705126079079.763,1705126079094.9966,1705126079099.276,1705126079099.2764,[],57,0
fn23_1,1705126079038.1838,1705126079111.734,1705126079039.182,1705126079039.471,1705126079039.5098,1705126079039.51,1705126079060.244,1705126079054.6572,1705126079107.8901,1705126079110.746,1705126079110.7468,[],55,0
fn18_1,1705126078942.0342,1705126079134.2356,1705126078943.1785,1705126078943.5413,1705126078943.5815,1705126078943.5818,1705126078958.3389,1705126078963.4758,1705126079131.2292,1705126079133.226,1705126079133.2266,['requests_toolbelt'],43,0
fn27_1,1705126079134.3042,1705126079147.915,1705126079135.6785,1705126079135.939,1705126079135.9895,1705126079135.9897,1705126079142.2363,1705126079142.0457,1705126079142.0867,1705126079146.992,1705126079146.9924,[],0,0
fn19_1,1705126078947.7925,1705126079204.1084,1705126078949.0505,1705126078950.5884,1705126078950.6316,1705126078950.6318,1705126078960.9688,1705126078963.2004,1705126079201.462,1705126079203.2915,1705126079203.292,[],25,0
fn29_1,1705126079204.162,1705126079249.2393,1705126079205.13,1705126079205.42,1705126079205.478,1705126079205.478,1705126079242.1514,1705126079242.1367,1705126079242.31,1705126079248.1833,1705126079248.1838,[],0,0
fn25_1,1705126079100.562,1705126079288.6936,1705126079101.9312,1705126079102.3489,1705126079102.4546,1705126079102.4548,1705126079142.4863,1705126079143.635,1705126079285.751,1705126079287.7363,1705126079287.7368,['requests_toolbelt'],43,0
fn28_1,1705126079147.9722,1705126079303.3733,1705126079149.1384,1705126079149.4277,1705126079149.4973,1705126079149.4976,1705126079161.2612,1705126079164.3438,1705126079300.7727,1705126079302.6787,1705126079302.6792,['requests_toolbelt'],43,0
fn32_1,1705126079303.409,1705126079346.2742,1705126079304.2,1705126079304.4065,1705126079304.4429,1705126079304.4429,1705126079340.8042,1705126079340.993,1705126079341.0544,1705126079345.2126,1705126079345.2131,[],31,0
fn31_1,1705126079288.7507,1705126079347.051,1705126079289.9685,1705126079290.1794,1705126079290.217,1705126079290.2173,1705126079338.1223,1705126079338.5283,1705126079338.5728,1705126079345.2104,1705126079345.2114,[],0,0
fn34_1,1705126079347.0857,1705126079362.7993,1705126079347.931,1705126079348.2195,1705126079348.2622,1705126079348.2625,1705126079355.299,1705126079357.9424,1705126079358.3079,1705126079361.8904,1705126079361.8909,[],5,0
fn33_1,1705126079346.317,1705126079369.7664,1705126079347.9353,1705126079348.388,1705126079348.437,1705126079348.437,1705126079356.6648,1705126079356.307,1705126079366.0452,1705126079368.8623,1705126079368.8628,[],57,0
fn35_1,1705126079362.8523,1705126079377.0771,1705126079363.9915,1705126079364.2258,1705126079364.265,1705126079364.2651,1705126079370.551,1705126079370.3464,1705126079370.3914,1705126079376.2534,1705126079376.2544,[],2,0
fn21_1,1705126078992.8337,1705126079378.3494,1705126078993.7422,1705126078994.036,1705126078994.0718,1705126078994.072,1705126079000.8606,1705126079002.9219,1705126079375.3242,1705126079377.3445,1705126079377.3447,[],5,0
fn36_1,1705126079369.8013,1705126079384.4695,1705126079370.6711,1705126079371.3174,1705126079371.3828,1705126079371.3828,1705126079378.3894,1705126079378.9182,1705126079380.2173,1705126079383.6565,1705126079383.657,[],29,0
fn39_1,1705126079384.5132,1705126079468.28,1705126079385.3386,1705126079385.5715,1705126079385.613,1705126079385.6133,1705126079390.3591,1705126079390.4377,1705126079463.3477,1705126079467.338,1705126079467.3384,[],30,0
fn26_1,1705126079111.7896,1705126079474.7202,1705126079112.993,1705126079113.2866,1705126079113.3604,1705126079113.3606,1705126079143.7842,1705126079144.6511,1705126079471.169,1705126079473.9202,1705126079473.9207,[],79,0
fn37_1,1705126079377.1216,1705126079479.3977,1705126079379.1873,1705126079379.514,1705126079379.5593,1705126079379.5593,1705126079385.5767,1705126079386.5193,1705126079475.6826,1705126079478.7573,1705126079478.7578,[],30,0
fn40_1,1705126079468.323,1705126079499.4844,1705126079469.219,1705126079469.4697,1705126079469.5232,1705126079469.5232,1705126079494.3457,1705126079494.1553,1705126079494.1885,1705126079498.7512,1705126079498.7517,[],5,0
fn43_1,1705126079499.5212,1705126079518.127,1705126079500.265,1705126079500.485,1705126079500.51,1705126079500.51,1705126079506.0999,1705126079508.1125,1705126079515.1404,1705126079517.3582,1705126079517.3586,[],5,0
fn41_1,1705126079474.805,1705126079523.2927,1705126079475.9324,1705126079476.1018,1705126079476.133,1705126079476.133,1705126079496.1106,1705126079496.5828,1705126079519.1138,1705126079522.42,1705126079522.4207,[],0,0
fn44_1,1705126079518.1655,1705126079542.294,1705126079519.0715,1705126079519.3103,1705126079519.3838,1705126079519.384,1705126079528.0654,1705126079525.3787,1705126079537.1885,1705126079541.415,1705126079541.4155,[],71,0
fn38_1,1705126079378.4102,1705126079552.371,1705126079379.3352,1705126079379.6538,1705126079379.6887,1705126079379.689,1705126079386.8496,1705126079387.2776,1705126079548.6047,1705126079551.3481,1705126079551.3489,[],68,0
fn45_1,1705126079523.347,1705126079555.4136,1705126079524.623,1705126079524.881,1705126079524.9272,1705126079524.9275,1705126079536.1135,1705126079537.0928,1705126079551.755,1705126079554.6626,1705126079554.663,[],57,0
fn48_1,1705126079555.449,1705126079570.9966,1705126079556.2551,1705126079556.5017,1705126079556.5586,1705126079556.5588,1705126079564.0583,1705126079564.669,1705126079564.72,1705126079569.9353,1705126079569.936,[],69,0
fn49_1,1705126079571.0498,1705126079587.1697,1705126079572.3892,1705126079572.6633,1705126079572.7046,1705126079572.7048,1705126079579.4238,1705126079580.1772,1705126079580.2246,1705126079586.1577,1705126079586.1584,[],2,0
fn46_1,1705126079542.3428,1705126079603.4954,1705126079543.3154,1705126079543.5608,1705126079543.598,1705126079543.598,1705126079549.7053,1705126079549.5703,1705126079600.5525,1705126079602.6372,1705126079602.638,[],0,0
fn50_1,1705126079587.2263,1705126079633.6926,1705126079588.4387,1705126079588.7505,1705126079588.814,1705126079588.8145,1705126079596.4028,1705126079596.9155,1705126079628.86,1705126079632.539,1705126079632.54,[],78,0
fn42_1,1705126079479.4307,1705126079635.892,1705126079480.0967,1705126079480.4026,1705126079480.447,1705126079480.4473,1705126079503.1575,1705126079504.3884,1705126079632.7834,1705126079635.0322,1705126079635.033,['requests_toolbelt'],43,0
fn52_1,1705126079633.75,1705126079649.178,1705126079635.079,1705126079635.3347,1705126079635.3904,1705126079635.3906,1705126079642.1384,1705126079641.988,1705126079645.2932,1705126079648.1692,1705126079648.17,[],0,0
fn51_1,1705126079603.5334,1705126079661.668,1705126079604.3997,1705126079604.6624,1705126079604.7297,1705126079604.7305,1705126079610.583,1705126079610.9226,1705126079657.6975,1705126079660.6226,1705126079660.6233,[],0,0
fn54_1,1705126079649.2373,1705126079663.087,1705126079650.4802,1705126079650.7107,1705126079650.7656,1705126079650.7659,1705126079656.738,1705126079656.7234,1705126079658.1802,1705126079662.1267,1705126079662.1277,[],71,0
fn53_1,1705126079635.941,1705126079666.5583,1705126079637.068,1705126079637.3557,1705126079637.4065,1705126079637.4067,1705126079648.5327,1705126079648.4255,1705126079663.047,1705126079665.9683,1705126079665.9688,[],57,0
fn56_1,1705126079663.1218,1705126079676.7454,1705126079663.972,1705126079664.1584,1705126079664.195,1705126079664.1953,1705126079671.2158,1705126079671.2292,1705126079671.272,1705126079675.946,1705126079675.9465,[],5,0
fn58_1,1705126079676.7834,1705126079688.622,1705126079677.6765,1705126079677.9905,1705126079678.085,1705126079678.0852,1705126079684.1077,1705126079684.3062,1705126079684.474,1705126079687.8408,1705126079687.8416,[],31,0
fn47_1,1705126079552.4326,1705126079690.5327,1705126079553.6877,1705126079554.2427,1705126079554.3535,1705126079554.3538,1705126079566.88,1705126079568.1265,1705126079687.407,1705126079689.615,1705126079689.616,['requests_toolbelt'],43,0
fn60_1,1705126079690.5679,1705126079704.5405,1705126079691.3567,1705126079691.6582,1705126079691.6946,1705126079691.6946,1705126079699.5369,1705126079700.1108,1705126079700.1458,1705126079703.692,1705126079703.6929,[],75,0
fn57_1,1705126079666.5896,1705126079710.2864,1705126079667.4707,1705126079667.695,1705126079667.752,1705126079667.7522,1705126079674.9321,1705126079675.494,1705126079706.075,1705126079709.4478,1705126079709.4482,[],78,0
fn59_1,1705126079688.6604,1705126079722.2686,1705126079689.5103,1705126079689.7634,1705126079689.826,1705126079689.8264,1705126079696.8582,1705126079696.8826,1705126079718.905,1705126079721.4543,1705126079721.455,[],78,0
fn61_1,1705126079704.5908,1705126079733.2764,1705126079705.4578,1705126079705.785,1705126079705.8198,1705126079705.82,1705126079711.5156,1705126079711.885,1705126079728.8713,1705126079732.2852,1705126079732.2861,[],0,0
fn64_1,1705126079733.3367,1705126079760.9956,1705126079734.6926,1705126079736.6628,1705126079736.9414,1705126079736.9417,1705126079743.0747,1705126079743.3835,1705126079756.6787,1705126079759.922,1705126079759.9229,[],0,0
fn65_1,1705126079761.0579,1705126079776.7107,1705126079762.3518,1705126079762.6892,1705126079762.7732,1705126079762.7734,1705126079769.1433,1705126079769.375,1705126079769.5635,1705126079775.5989,1705126079775.5996,[],0,0
fn62_1,1705126079710.336,1705126079784.2715,1705126079711.5364,1705126079711.7969,1705126079711.8372,1705126079711.8374,1705126079717.259,1705126079717.608,1705126079780.4307,1705126079783.3347,1705126079783.3354,[],30,0
fn67_1,1705126079784.3252,1705126079817.767,1705126079785.4778,1705126079785.7307,1705126079785.774,1705126079785.7742,1705126079791.9495,1705126079792.2947,1705126079813.7974,1705126079816.7275,1705126079816.728,[],78,0
fn55_1,1705126079661.7227,1705126079844.304,1705126079663.8787,1705126079664.1995,1705126079664.277,1705126079664.2773,1705126079676.4006,1705126079673.2043,1705126079841.42,1705126079843.382,1705126079843.3826,[],68,0
fn66_1,1705126079776.7725,1705126079880.9558,1705126079778.0762,1705126079778.3982,1705126079778.4597,1705126079778.46,1705126079785.3813,1705126079786.1943,1705126079876.6455,1705126079879.8567,1705126079879.8574,[],30,0
fn30_1,1705126079249.3037,1705126079905.291,1705126079250.5916,1705126079251.0356,1705126079251.0842,1705126079251.0845,1705126079257.6511,1705126079258.6667,1705126079901.0337,1705126079904.3264,1705126079904.327,[],73,0
fn70_1,1705126079881.0156,1705126079906.9792,1705126079882.2542,1705126079882.5017,1705126079882.5562,1705126079882.5564,1705126079896.0427,1705126079889.1167,1705126079902.557,1705126079905.74,1705126079905.7407,[],0,0
fn69_1,1705126079844.3552,1705126079918.4722,1705126079845.2715,1705126079845.4846,1705126079845.5264,1705126079845.5266,1705126079852.489,1705126079852.5144,1705126079915.0957,1705126079917.8271,1705126079917.8276,[],5,0
fn63_1,1705126079722.3098,1705126079932.4937,1705126079723.2234,1705126079723.5305,1705126079723.5806,1705126079723.5808,1705126079733.222,1705126079733.0166,1705126079929.8452,1705126079931.7476,1705126079931.748,[],68,0
fn73_1,1705126079918.5142,1705126079933.6602,1705126079919.5386,1705126079919.7515,1705126079919.7893,1705126079919.7896,1705126079926.1797,1705126079926.5056,1705126079926.548,1705126079932.404,1705126079932.4048,[],5,0
fn75_1,1705126079933.7058,1705126079945.089,1705126079934.783,1705126079934.9473,1705126079934.974,1705126079934.9744,1705126079940.188,1705126079940.0513,1705126079940.052,1705126079944.4766,1705126079944.477,[],0,0
fn76_1,1705126079945.1218,1705126080030.912,1705126079945.8623,1705126079946.0994,1705126079946.1501,1705126079946.1501,1705126079952.4065,1705126079953.3062,1705126080028.0652,1705126080029.8992,1705126080029.8997,[],79,0
fn72_1,1705126079907.0217,1705126080151.9238,1705126079908.1873,1705126079908.4941,1705126079908.5786,1705126079908.5789,1705126079922.824,1705126079923.1853,1705126080148.883,1705126080151.0173,1705126080151.0178,[],68,0
fn71_1,1705126079905.357,1705126080159.2197,1705126079908.0752,1705126079908.4841,1705126079908.5325,1705126079908.5327,1705126079916.9219,1705126079919.8604,1705126080155.449,1705126080158.2095,1705126080158.21,[],68,0
fn77_1,1705126080030.9653,1705126080185.3894,1705126080032.1594,1705126080032.5715,1705126080032.619,1705126080032.6194,1705126080069.3857,1705126080070.9375,1705126080182.399,1705126080184.588,1705126080184.5884,['requests_toolbelt'],43,0
fn79_1,1705126080159.2803,1705126080211.2039,1705126080160.4856,1705126080160.6934,1705126080160.7278,1705126080160.728,1705126080186.7703,1705126080186.9802,1705126080207.7642,1705126080210.2441,1705126080210.2449,[],78,0
fn81_1,1705126080211.2478,1705126080228.2908,1705126080212.1602,1705126080212.4553,1705126080212.5276,1705126080212.5278,1705126080218.4407,1705126080218.6301,1705126080224.3708,1705126080227.218,1705126080227.2185,[],0,0
fn78_1,1705126080151.971,1705126080243.774,1705126080152.8982,1705126080153.1897,1705126080153.2366,1705126080153.2366,1705126080186.7234,1705126080187.6702,1705126080240.0999,1705126080242.8118,1705126080242.8123,[],55,0
fn83_1,1705126080243.832,1705126080269.9224,1705126080245.1538,1705126080245.401,1705126080245.4473,1705126080245.4475,1705126080251.4448,1705126080252.589,1705126080265.4492,1705126080268.729,1705126080268.7297,[],0,0
fn84_1,1705126080269.98,1705126080284.2554,1705126080271.3943,1705126080271.678,1705126080271.7437,1705126080271.744,1705126080278.3984,1705126080278.673,1705126080278.7139,1705126080283.2065,1705126080283.207,[],30,0
fn80_1,1705126080185.44,1705126080286.299,1705126080186.401,1705126080186.747,1705126080186.798,1705126080186.7983,1705126080195.5923,1705126080195.828,1705126080282.6057,1705126080285.486,1705126080285.4868,[],68,0
fn82_1,1705126080228.3503,1705126080288.476,1705126080229.6033,1705126080229.8809,1705126080229.9258,1705126080229.926,1705126080241.9568,1705126080242.5754,1705126080285.4082,1705126080287.8123,1705126080287.8132,[],55,0
fn74_1,1705126079932.5571,1705126080299.3628,1705126079934.6152,1705126079934.8967,1705126079934.9397,1705126079934.9397,1705126079942.1943,1705126079943.5266,1705126080294.976,1705126080298.39,1705126080298.3906,[],79,0
fn86_1,1705126080286.3413,1705126080308.29,1705126080287.1045,1705126080287.3088,1705126080287.3901,1705126080287.3904,1705126080295.874,1705126080295.5063,1705126080304.341,1705126080307.5408,1705126080307.541,[],69,0
fn87_1,1705126080288.5125,1705126080311.5793,1705126080289.4192,1705126080289.6165,1705126080289.663,1705126080289.6633,1705126080294.6401,1705126080294.5505,1705126080307.505,1705126080310.8147,1705126080310.8154,[],0,0
fn89_1,1705126080308.3313,1705126080331.7886,1705126080309.1995,1705126080309.4072,1705126080309.4434,1705126080309.4436,1705126080318.2578,1705126080318.49,1705126080328.1362,1705126080330.9827,1705126080330.9832,[],57,0
fn91_1,1705126080331.8325,1705126080411.9119,1705126080332.7305,1705126080333.0754,1705126080333.1484,1705126080333.1487,1705126080341.5894,1705126080342.131,1705126080408.5334,1705126080410.849,1705126080410.8496,[],79,0
fn92_1,1705126080411.9705,1705126080461.3276,1705126080413.1833,1705126080413.4038,1705126080413.4463,1705126080413.4468,1705126080448.1592,1705126080447.9753,1705126080457.4487,1705126080460.3176,1705126080460.3184,[],57,0
fn85_1,1705126080284.3186,1705126080471.3767,1705126080285.5771,1705126080286.064,1705126080286.1145,1705126080286.1147,1705126080300.4565,1705126080300.9116,1705126080467.673,1705126080470.4153,1705126080470.416,['requests_toolbelt'],43,0
fn93_1,1705126080461.385,1705126080575.0208,1705126080462.591,1705126080462.8672,1705126080462.9146,1705126080462.9148,1705126080472.233,1705126080471.9592,1705126080571.5286,1705126080573.9268,1705126080573.9275,[],75,0
fn95_1,1705126080575.0776,1705126080619.8257,1705126080576.6536,1705126080576.9558,1705126080577.0452,1705126080577.0454,1705126080614.209,1705126080613.9434,1705126080613.991,1705126080618.9746,1705126080618.975,[],0,0
fn68_1,1705126079817.828,1705126080647.614,1705126079819.1077,1705126079819.3704,1705126079819.4167,1705126079819.4167,1705126079826.8376,1705126079827.8445,1705126080644.83,1705126080646.707,1705126080646.7075,[],23,0
fn96_1,1705126080619.8706,1705126080674.788,1705126080620.7866,1705126080621.146,1705126080621.2217,1705126080621.222,1705126080633.9155,1705126080634.403,1705126080672.009,1705126080673.9578,1705126080673.9583,[],55,0
fn88_1,1705126080299.4082,1705126080677.2786,1705126080300.4426,1705126080300.8237,1705126080300.8599,1705126080300.86,1705126080311.1135,1705126080311.2249,1705126080672.9429,1705126080676.4172,1705126080676.418,[],79,0
fn99_1,1705126080677.3362,1705126080700.046,1705126080678.4644,1705126080678.6892,1705126080678.7603,1705126080678.7605,1705126080685.0652,1705126080685.0144,1705126080696.5432,1705126080699.13,1705126080699.1304,[],5,0
fn90_1,1705126080311.625,1705126080820.5154,1705126080312.6997,1705126080312.931,1705126080312.9644,1705126080312.9644,1705126080320.5564,1705126080321.3655,1705126080816.7644,1705126080819.388,1705126080819.3884,[],73,0
fn94_1,1705126080471.4375,1705126080851.0916,1705126080472.692,1705126080472.959,1705126080473.002,1705126080473.0022,1705126080481.5864,1705126080483.0312,1705126080847.7148,1705126080850.1746,1705126080850.175,[],79,0
fn102_1,1705126080851.1467,1705126080871.1458,1705126080852.1204,1705126080852.3193,1705126080852.3604,1705126080852.3606,1705126080857.8594,1705126080857.6333,1705126080867.0818,1705126080870.1155,1705126080870.116,[],0,0
fn103_1,1705126080871.205,1705126080885.4558,1705126080872.571,1705126080872.823,1705126080872.8735,1705126080872.8738,1705126080878.9084,1705126080879.002,1705126080879.003,1705126080884.5432,1705126080884.5437,[],0,0
fn101_1,1705126080820.5823,1705126080932.847,1705126080821.8782,1705126080822.1704,1705126080822.225,1705126080822.2253,1705126080856.4265,1705126080856.8052,1705126080927.3606,1705126080931.9438,1705126080931.9446,[],79,0
fn100_1,1705126080700.1006,1705126081003.1655,1705126080701.088,1705126080701.4412,1705126080701.4944,1705126080701.4946,1705126080709.9705,1705126080710.5798,1705126080999.6091,1705126081002.2527,1705126081002.2532,[],79,0
fn98_1,1705126080674.835,1705126081022.5305,1705126080675.7476,1705126080676.0632,1705126080676.1147,1705126080676.115,1705126080686.5767,1705126080687.8293,1705126081019.8208,1705126081021.7258,1705126081021.7263,[],79,0
fn106_1,1705126081003.2102,1705126081042.479,1705126081004.1804,1705126081004.4521,1705126081004.5078,1705126081004.508,1705126081034.7778,1705126081036.391,1705126081038.7952,1705126081041.53,1705126081041.5308,['requests_toolbelt'],5,0
fn97_1,1705126080647.6736,1705126081053.2126,1705126080648.6812,1705126080648.911,1705126080648.9517,1705126080648.952,1705126080656.1304,1705126080658.117,1705126081049.6118,1705126081052.3384,1705126081052.3394,[],5,0
fn107_1,1705126081022.5735,1705126081054.4624,1705126081023.577,1705126081023.7805,1705126081023.8225,1705126081023.8225,1705126081039.1875,1705126081039.385,1705126081050.374,1705126081053.3828,1705126081053.3833,[],57,0
fn105_1,1705126080932.8884,1705126081065.4336,1705126080933.8093,1705126080934.1143,1705126080934.1555,1705126080934.1558,1705126080947.0142,1705126080948.5867,1705126081061.9314,1705126081064.5332,1705126081064.534,['requests_toolbelt'],43,0
fn109_1,1705126081053.2783,1705126081079.6274,1705126081055.2888,1705126081055.5767,1705126081055.6213,1705126081055.6216,1705126081064.8154,1705126081065.3396,1705126081075.8306,1705126081078.7068,1705126081078.7073,[],57,0
fn112_1,1705126081079.683,1705126081103.8828,1705126081080.839,1705126081081.0188,1705126081081.0469,1705126081081.047,1705126081086.545,1705126081086.4973,1705126081099.5903,1705126081102.821,1705126081102.8218,[],0,0
fn113_1,1705126081103.9426,1705126081126.387,1705126081105.2236,1705126081105.4175,1705126081105.4534,1705126081105.4534,1705126081111.3428,1705126081111.319,1705126081121.2424,1705126081125.3518,1705126081125.3523,[],71,0
fn104_1,1705126080885.5044,1705126081138.936,1705126080886.6116,1705126080886.9548,1705126080887.0293,1705126080887.0295,1705126080896.694,1705126080898.9353,1705126081136.1465,1705126081137.9568,1705126081137.9573,[],68,0
fn115_1,1705126081139.0005,1705126081163.262,1705126081140.2356,1705126081140.4617,1705126081140.502,1705126081140.502,1705126081149.6042,1705126081149.76,1705126081159.4714,1705126081162.3674,1705126081162.3682,[],57,0
fn108_1,1705126081042.5374,1705126081172.4043,1705126081043.8057,1705126081044.205,1705126081044.2505,1705126081044.2507,1705126081056.6494,1705126081058.0732,1705126081168.9495,1705126081171.5225,1705126081171.523,['requests_toolbelt'],43,0
fn117_1,1705126081172.4727,1705126081196.2078,1705126081173.7617,1705126081174.0183,1705126081174.0728,1705126081174.073,1705126081180.053,1705126081180.3052,1705126081191.4373,1705126081195.1843,1705126081195.1848,[],30,0
fn110_1,1705126081054.4941,1705126081244.8606,1705126081055.3057,1705126081055.7192,1705126081055.7612,1705126081055.7612,1705126081066.6082,1705126081068.4106,1705126081240.8782,1705126081243.7358,1705126081243.7366,['requests_toolbelt'],43,0
fn111_1,1705126081065.4854,1705126081253.5603,1705126081066.5886,1705126081066.995,1705126081067.0388,1705126081067.039,1705126081077.3804,1705126081080.2249,1705126081250.7856,1705126081252.795,1705126081252.7957,['requests_toolbelt'],43,0
fn118_1,1705126081196.2678,1705126081263.3572,1705126081197.5093,1705126081197.847,1705126081197.929,1705126081197.929,1705126081212.818,1705126081213.647,1705126081260.5315,1705126081262.4788,1705126081262.4795,[],55,0
fn121_1,1705126081263.411,1705126081289.6316,1705126081264.5984,1705126081264.848,1705126081264.8972,1705126081264.8975,1705126081278.6191,1705126081278.2805,1705126081284.9429,1705126081288.5571,1705126081288.5579,[],0,0
fn119_1,1705126081244.9363,1705126081300.4531,1705126081246.1978,1705126081246.4487,1705126081246.5159,1705126081246.516,1705126081275.0657,1705126081274.9702,1705126081297.037,1705126081299.6978,1705126081299.6982,[],78,0
fn123_1,1705126081300.4934,1705126081312.4944,1705126081301.4775,1705126081301.673,1705126081301.7073,1705126081301.7075,1705126081307.1697,1705126081307.0566,1705126081307.3135,1705126081311.7183,1705126081311.719,[],0,0
fn116_1,1705126081163.3108,1705126081339.8276,1705126081164.2295,1705126081164.4807,1705126081164.5173,1705126081164.5173,1705126081175.549,1705126081174.795,1705126081336.8489,1705126081338.812,1705126081338.8125,[],68,0
fn124_1,1705126081312.5342,1705126081369.4163,1705126081313.4194,1705126081313.7795,1705126081313.8276,1705126081313.828,1705126081327.4604,1705126081327.9062,1705126081366.5173,1705126081368.56,1705126081368.5605,[],55,0
fn120_1,1705126081253.612,1705126081403.28,1705126081254.499,1705126081254.9229,1705126081254.9807,1705126081254.981,1705126081284.3335,1705126081285.5037,1705126081400.4111,1705126081402.4197,1705126081402.4202,['requests_toolbelt'],43,0
fn114_1,1705126081126.4478,1705126081438.8613,1705126081127.7231,1705126081127.9675,1705126081128.02,1705126081128.0203,1705126081134.6055,1705126081134.5095,1705126081435.1013,1705126081437.7866,1705126081437.7874,[],69,0
fn122_1,1705126081289.69,1705126081456.3743,1705126081290.971,1705126081291.2822,1705126081291.3352,1705126081291.3354,1705126081297.9836,1705126081298.9106,1705126081453.2708,1705126081455.5,1705126081455.5002,[],31,0
fn126_1,1705126081369.46,1705126081457.776,1705126081370.3752,1705126081370.6868,1705126081370.7656,1705126081370.7659,1705126081377.458,1705126081377.646,1705126081438.375,1705126081456.4182,1705126081456.4187,[],78,0
fn128_1,1705126081438.9294,1705126081464.226,1705126081440.3064,1705126081440.568,1705126081440.623,1705126081440.6233,1705126081447.025,1705126081447.2312,1705126081460.7354,1705126081463.5823,1705126081463.5828,[],0,0
fn130_1,1705126081457.8186,1705126081472.6062,1705126081458.9814,1705126081459.2583,1705126081459.308,1705126081459.3083,1705126081468.3335,1705126081468.102,1705126081468.1545,1705126081471.7786,1705126081471.779,[],79,0
fn131_1,1705126081464.2615,1705126081481.7131,1705126081465.023,1705126081465.2446,1705126081465.3032,1705126081465.3032,1705126081472.0505,1705126081471.7556,1705126081477.4836,1705126081480.8413,1705126081480.8423,[],0,0
fn132_1,1705126081472.6565,1705126081484.6736,1705126081473.7397,1705126081473.926,1705126081473.9543,1705126081473.9546,1705126081479.0652,1705126081478.958,1705126081479.0093,1705126081483.9639,1705126081483.9644,[],0,0
fn134_1,1705126081484.7224,1705126081516.5564,1705126081485.749,1705126081485.9622,1705126081485.9944,1705126081485.9949,1705126081491.811,1705126081492.388,1705126081512.4868,1705126081515.5056,1705126081515.5063,[],0,0
fn129_1,1705126081456.4324,1705126081543.5544,1705126081458.763,1705126081458.9885,1705126081459.034,1705126081459.0342,1705126081466.951,1705126081467.2722,1705126081540.4224,1705126081542.7488,1705126081542.7495,[],67,0
fn127_1,1705126081403.3196,1705126081549.3152,1705126081404.2087,1705126081404.642,1705126081404.6956,1705126081404.6956,1705126081417.878,1705126081419.3909,1705126081545.6384,1705126081548.4143,1705126081548.415,['requests_toolbelt'],43,0
fn136_1,1705126081543.5999,1705126081555.7056,1705126081544.5256,1705126081544.7717,1705126081544.8235,1705126081544.8235,1705126081552.1587,1705126081551.1936,1705126081551.2324,1705126081555.0193,1705126081555.0198,[],69,0
fn138_1,1705126081555.7437,1705126081566.8809,1705126081556.598,1705126081556.8704,1705126081556.9155,1705126081556.9155,1705126081562.025,1705126081561.7896,1705126081561.7905,1705126081566.1914,1705126081566.192,[],0,0
fn137_1,1705126081549.369,1705126081575.5913,1705126081550.5266,1705126081550.8013,1705126081550.848,1705126081550.848,1705126081558.2822,1705126081558.3704,1705126081571.55,1705126081574.796,1705126081574.7964,[],5,0
fn135_1,1705126081516.6157,1705126081607.3713,1705126081517.889,1705126081518.2246,1705126081518.278,1705126081518.2783,1705126081528.217,1705126081529.725,1705126081604.2766,1705126081606.5317,1705126081606.5325,[],79,0
fn141_1,1705126081607.4153,1705126081621.1516,1705126081608.3604,1705126081608.6316,1705126081608.684,1705126081608.6843,1705126081615.489,1705126081615.4707,1705126081617.5552,1705126081620.3591,1705126081620.3596,[],5,0
fn125_1,1705126081339.8882,1705126081630.132,1705126081341.1528,1705126081341.3665,1705126081341.4028,1705126081341.403,1705126081348.4724,1705126081348.7583,1705126081627.4163,1705126081629.4248,1705126081629.4255,[],73,0
fn143_1,1705126081630.1816,1705126081641.955,1705126081631.0903,1705126081631.2607,1705126081631.2932,1705126081631.2932,1705126081637.6829,1705126081637.4365,1705126081637.473,1705126081641.2004,1705126081641.2012,[],69,0
fn142_1,1705126081621.1929,1705126081644.564,1705126081622.077,1705126081622.3445,1705126081622.3904,1705126081622.3906,1705126081628.8477,1705126081628.7717,1705126081641.2986,1705126081644.008,1705126081644.0085,[],5,0
fn144_1,1705126081641.999,1705126081655.211,1705126081642.901,1705126081643.1707,1705126081643.2168,1705126081643.217,1705126081649.1985,1705126081649.4683,1705126081649.9685,1705126081654.3857,1705126081654.3862,[],0,0
fn133_1,1705126081481.7668,1705126081693.5032,1705126081482.9692,1705126081483.2502,1705126081483.2996,1705126081483.2998,1705126081493.107,1705126081492.5059,1705126081689.7407,1705126081692.4082,1705126081692.4087,[],68,0
fn146_1,1705126081655.2588,1705126081709.0657,1705126081656.3657,1705126081656.679,1705126081656.7441,1705126081656.7444,1705126081668.6907,1705126081669.1814,1705126081706.1755,1705126081708.2153,1705126081708.2158,[],55,0
fn148_1,1705126081709.1233,1705126081723.2114,1705126081710.113,1705126081710.375,1705126081710.4373,1705126081710.4377,1705126081716.879,1705126081716.6682,1705126081719.2253,1705126081722.237,1705126081722.2375,[],69,0
fn149_1,1705126081723.2659,1705126081740.9832,1705126081724.449,1705126081724.6555,1705126081724.6936,1705126081724.6938,1705126081730.223,1705126081730.0378,1705126081737.4707,1705126081740.1045,1705126081740.105,[],0,0
fn140_1,1705126081575.6416,1705126081743.0605,1705126081576.9902,1705126081577.4128,1705126081577.454,1705126081577.4543,1705126081590.9375,1705126081593.7744,1705126081739.8428,1705126081741.9663,1705126081741.967,['requests_toolbelt'],43,0
fn147_1,1705126081693.569,1705126081770.2788,1705126081694.8616,1705126081695.2297,1705126081695.29,1705126081695.2903,1705126081710.4558,1705126081712.4543,1705126081766.2837,1705126081769.1946,1705126081769.1953,[],55,0
fn152_1,1705126081770.335,1705126081785.962,1705126081771.6301,1705126081771.8987,1705126081771.9492,1705126081771.9495,1705126081778.6345,1705126081779.0764,1705126081779.1196,1705126081785.018,1705126081785.0186,[],2,0
fn151_1,1705126081743.0957,1705126081808.5383,1705126081743.8389,1705126081744.045,1705126081744.0803,1705126081744.0806,1705126081752.3638,1705126081752.2075,1705126081804.9507,1705126081807.48,1705126081807.4802,[],0,0
fn154_1,1705126081808.6038,1705126081821.0486,1705126081809.8594,1705126081810.081,1705126081810.1208,1705126081810.1208,1705126081816.0486,1705126081815.8643,1705126081815.865,1705126081820.3188,1705126081820.3193,[],0,0
fn153_1,1705126081786.0188,1705126081827.1497,1705126081787.2402,1705126081787.507,1705126081787.5515,1705126081787.5518,1705126081794.9177,1705126081797.7615,1705126081823.2441,1705126081826.234,1705126081826.2344,[],21,0
fn156_1,1705126081827.203,1705126081842.011,1705126081828.4583,1705126081828.7107,1705126081828.7493,1705126081828.7493,1705126081834.8865,1705126081835.2786,1705126081835.3206,1705126081841.119,1705126081841.1194,[],2,0
fn155_1,1705126081821.0884,1705126081854.5913,1705126081821.9329,1705126081822.1775,1705126081822.2422,1705126081822.2427,1705126081828.329,1705126081828.7302,1705126081850.4075,1705126081853.7664,1705126081853.7668,[],78,0
fn157_1,1705126081842.0603,1705126081859.9336,1705126081843.2039,1705126081843.4421,1705126081843.4817,1705126081843.482,1705126081849.1843,1705126081849.5938,1705126081856.7354,1705126081859.3425,1705126081859.343,[],0,0
fn139_1,1705126081566.9175,1705126081870.8381,1705126081567.7275,1705126081568.1196,1705126081568.1597,1705126081568.16,1705126081576.7893,1705126081578.9153,1705126081868.0986,1705126081870.1404,1705126081870.141,['nbsphinx'],57,0
fn159_1,1705126081859.9666,1705126081874.2065,1705126081860.704,1705126081860.9712,1705126081861.0103,1705126081861.0105,1705126081869.5103,1705126081870.1082,1705126081870.1423,1705126081873.6143,1705126081873.6147,[],75,0
fn150_1,1705126081741.0303,1705126081886.985,1705126081741.9429,1705126081742.3455,1705126081742.4172,1705126081742.4175,1705126081756.956,1705126081758.2095,1705126081883.3557,1705126081886.0898,1705126081886.0903,['requests_toolbelt'],43,0
fn161_1,1705126081874.2446,1705126081890.3264,1705126081875.1536,1705126081875.3838,1705126081875.4116,1705126081875.4119,1705126081884.6794,1705126081885.351,1705126081885.756,1705126081889.6108,1705126081889.6113,[],68,0
fn163_1,1705126081890.3699,1705126081902.753,1705126081891.4075,1705126081891.6072,1705126081891.6523,1705126081891.6523,1705126081898.2285,1705126081897.9875,1705126081898.158,1705126081901.9844,1705126081901.985,[],69,0
fn164_1,1705126081902.7961,1705126081914.1794,1705126081903.6545,1705126081903.8943,1705126081903.9336,1705126081903.9336,1705126081909.9595,1705126081909.7925,1705126081909.8315,1705126081913.408,1705126081913.4084,[],71,0
fn158_1,1705126081854.6416,1705126081917.9695,1705126081855.836,1705126081856.1702,1705126081856.2092,1705126081856.2095,1705126081871.7131,1705126081872.0435,1705126081915.474,1705126081917.378,1705126081917.3787,[],55,0
fn145_1,1705126081644.5974,1705126081924.7656,1705126081645.427,1705126081645.935,1705126081645.9724,1705126081645.9727,1705126081655.2998,1705126081656.944,1705126081922.2583,1705126081924.085,1705126081924.0857,['nbsphinx'],68,0
fn162_1,1705126081887.0334,1705126081959.546,1705126081888.1716,1705126081888.5107,1705126081888.5503,1705126081888.5505,1705126081903.6414,1705126081904.0686,1705126081955.7163,1705126081958.444,1705126081958.4448,[],55,0
fn168_1,1705126081959.6045,1705126081986.0674,1705126081960.9485,1705126081961.2256,1705126081961.2825,1705126081961.2827,1705126081968.7473,1705126081970.0293,1705126081981.9597,1705126081985.0652,1705126081985.0657,[],5,0
fn166_1,1705126081918.0027,1705126081991.6836,1705126081918.7952,1705126081919.0173,1705126081919.066,1705126081919.0662,1705126081926.8372,1705126081928.8506,1705126081988.762,1705126081990.776,1705126081990.7761,[],21,0
fn165_1,1705126081914.2202,1705126082045.3848,1705126081915.0967,1705126081915.3643,1705126081915.395,1705126081915.3953,1705126081928.082,1705126081929.7134,1705126082042.2607,1705126082044.324,1705126082044.3245,['requests_toolbelt'],43,0
fn170_1,1705126081991.7327,1705126082046.847,1705126081992.8296,1705126081993.0767,1705126081993.1133,1705126081993.1133,1705126082007.2776,1705126082007.908,1705126082043.4338,1705126082045.451,1705126082045.4514,[],55,0
fn172_1,1705126082046.8838,1705126082060.0405,1705126082047.661,1705126082047.871,1705126082047.909,1705126082047.9092,1705126082053.8267,1705126082053.7466,1705126082056.7578,1705126082059.316,1705126082059.3164,[],0,0
fn171_1,1705126082045.4475,1705126082071.8865,1705126082047.6997,1705126082047.9448,1705126082047.9834,1705126082047.9834,1705126082057.0557,1705126082057.174,1705126082068.2124,1705126082071.0286,1705126082071.029,[],57,0
fn173_1,1705126082060.0784,1705126082073.15,1705126082060.9607,1705126082061.1426,1705126082061.1692,1705126082061.1694,1705126082067.1597,1705126082067.1665,1705126082069.758,1705126082072.3928,1705126082072.393,[],5,0
fn175_1,1705126082073.1794,1705126082090.663,1705126082073.9062,1705126082074.1433,1705126082074.1804,1705126082074.1807,1705126082085.4683,1705126082085.4714,1705126082086.4336,1705126082089.8813,1705126082089.8818,[],68,0
fn174_1,1705126082071.9373,1705126082202.8333,1705126082073.9065,1705126082074.3406,1705126082074.3845,1705126082074.385,1705126082088.3796,1705126082089.772,1705126082199.6074,1705126082201.78,1705126082201.7808,['requests_toolbelt'],43,0
fn160_1,1705126081870.8862,1705126082206.6013,1705126081871.8403,1705126081872.0425,1705126081872.0703,1705126081872.0703,1705126081879.0671,1705126081879.191,1705126082203.1448,1705126082205.7852,1705126082205.7856,[],73,0
fn167_1,1705126081924.815,1705126082229.376,1705126081925.8389,1705126081926.0654,1705126081926.1182,1705126081926.1184,1705126081935.3171,1705126081937.0093,1705126082226.6914,1705126082228.612,1705126082228.6123,[],5,0
fn178_1,1705126082206.6636,1705126082251.1016,1705126082207.8098,1705126082207.994,1705126082208.03,1705126082208.0303,1705126082245.9731,1705126082245.7622,1705126082245.922,1705126082250.417,1705126082250.4175,[],0,0
fn177_1,1705126082202.8901,1705126082304.0178,1705126082204.2605,1705126082204.6218,1705126082204.6775,1705126082204.6777,1705126082249.3176,1705126082250.8826,1705126082299.84,1705126082302.8738,1705126082302.8743,[],55,0
fn179_1,1705126082229.4326,1705126082311.4478,1705126082230.3225,1705126082230.5813,1705126082230.6152,1705126082230.6152,1705126082258.6143,1705126082260.5889,1705126082308.7131,1705126082310.7048,1705126082310.7053,[],55,0
fn182_1,1705126082311.4897,1705126082336.0886,1705126082312.3555,1705126082312.5237,1705126082312.561,1705126082312.561,1705126082328.7844,1705126082329.0146,1705126082329.2302,1705126082335.0632,1705126082335.0637,[],0,0
fn181_1,1705126082304.079,1705126082351.656,1705126082305.3777,1705126082305.6797,1705126082305.734,1705126082305.7341,1705126082326.7678,1705126082326.4834,1705126082348.4136,1705126082350.8975,1705126082350.8982,[],78,0
fn184_1,1705126082351.6968,1705126082374.47,1705126082352.5427,1705126082352.8127,1705126082352.8542,1705126082352.8545,1705126082361.4233,1705126082361.541,1705126082370.95,1705126082373.7263,1705126082373.727,[],57,0
fn185_1,1705126082374.5085,1705126082386.0515,1705126082375.4006,1705126082375.6367,1705126082375.6802,1705126082375.6804,1705126082380.997,1705126082380.8115,1705126082380.9941,1705126082385.3542,1705126082385.3547,[],0,0
fn186_1,1705126082386.0916,1705126082400.3462,1705126082386.936,1705126082387.1318,1705126082387.1604,1705126082387.1604,1705126082395.6858,1705126082396.066,1705126082396.1003,1705126082399.5193,1705126082399.5198,[],75,0
fn187_1,1705126082400.3965,1705126082460.8801,1705126082401.5173,1705126082401.735,1705126082401.7737,1705126082401.774,1705126082406.8594,1705126082406.9016,1705126082457.7446,1705126082459.889,1705126082459.8894,[],0,0
fn180_1,1705126082251.1394,1705126082507.8967,1705126082251.9766,1705126082252.2993,1705126082252.351,1705126082252.3513,1705126082261.8523,1705126082262.774,1705126082505.2068,1705126082507.0493,1705126082507.0498,['nbsphinx'],68,0
fn183_1,1705126082336.148,1705126082511.852,1705126082337.3914,1705126082337.653,1705126082337.6973,1705126082337.6975,1705126082344.9026,1705126082347.8213,1705126082508.4492,1705126082511.134,1705126082511.1345,[],5,0
fn188_1,1705126082460.9385,1705126082514.1387,1705126082462.1406,1705126082462.3682,1705126082462.4155,1705126082462.4158,1705126082500.3914,1705126082500.2183,1705126082510.091,1705126082513.504,1705126082513.5042,[],57,0
fn176_1,1705126082090.702,1705126082526.0012,1705126082091.617,1705126082091.8774,1705126082091.921,1705126082091.9211,1705126082098.4333,1705126082098.5876,1705126082522.6143,1705126082525.265,1705126082525.2654,[],73,0
fn191_1,1705126082514.1719,1705126082527.8965,1705126082514.9915,1705126082515.1736,1705126082515.2117,1705126082515.2117,1705126082521.9087,1705126082522.256,1705126082522.3025,1705126082527.0842,1705126082527.0845,[],71,0
fn190_1,1705126082511.8945,1705126082530.8777,1705126082512.7446,1705126082512.9304,1705126082512.9668,1705126082512.9673,1705126082518.523,1705126082518.127,1705126082527.2078,1705126082530.2446,1705126082530.245,[],0,0
fn193_1,1705126082527.942,1705126082539.7795,1705126082529.0107,1705126082529.2202,1705126082529.257,1705126082529.2573,1705126082534.4766,1705126082534.415,1705126082534.5881,1705126082539.0122,1705126082539.0127,[],0,0
fn192_1,1705126082526.0422,1705126082546.2544,1705126082526.932,1705126082527.1802,1705126082527.2217,1705126082527.222,1705126082535.7644,1705126082534.9421,1705126082542.6606,1705126082545.5928,1705126082545.5933,[],69,0
fn195_1,1705126082539.822,1705126082553.2637,1705126082540.9329,1705126082541.1614,1705126082541.203,1705126082541.2031,1705126082547.8357,1705126082548.1643,1705126082548.197,1705126082552.6152,1705126082552.6157,[],5,0
fn194_1,1705126082530.9114,1705126082578.5176,1705126082531.6306,1705126082531.8162,1705126082531.8406,1705126082531.8408,1705126082538.0327,1705126082538.355,1705126082575.1233,1705126082577.7715,1705126082577.7722,['git'],31,0
fn197_1,1705126082553.2932,1705126082579.6206,1705126082554.0718,1705126082554.265,1705126082554.3018,1705126082554.302,1705126082560.6467,1705126082560.871,1705126082575.6494,1705126082578.459,1705126082578.4597,[],0,0
fn189_1,1705126082507.9382,1705126082590.9705,1705126082508.885,1705126082509.1907,1705126082509.237,1705126082509.2373,1705126082516.8545,1705126082519.1052,1705126082588.0623,1705126082590.1404,1705126082590.1409,[],21,0
fn199_1,1705126082579.6646,1705126082605.0112,1705126082580.4783,1705126082580.6885,1705126082580.7244,1705126082580.7249,1705126082588.26,1705126082588.2678,1705126082600.0605,1705126082604.0588,1705126082604.0596,[],69,0
fn169_1,1705126081986.1257,1705126082621.9192,1705126081987.33,1705126081987.62,1705126081987.6997,1705126081987.7,1705126081995.1902,1705126081996.2517,1705126082618.422,1705126082620.9973,1705126082620.9978,[],73,0
fn202_1,1705126082621.9924,1705126082633.9841,1705126082623.3054,1705126082623.476,1705126082623.5054,1705126082623.5054,1705126082628.874,1705126082628.6904,1705126082628.6914,1705126082633.1755,1705126082633.176,[],0,0
fn200_1,1705126082591.0195,1705126082652.1946,1705126082592.2144,1705126082592.407,1705126082592.4404,1705126082592.4404,1705126082597.8545,1705126082597.8555,1705126082649.0186,1705126082651.333,1705126082651.3335,[],30,0
fn198_1,1705126082578.5547,1705126082674.6433,1705126082580.534,1705126082580.7837,1705126082580.8208,1705126082580.821,1705126082586.373,1705126082586.5469,1705126082670.5168,1705126082673.6377,1705126082673.6382,[],31,0
fn196_1,1705126082546.2932,1705126082683.2922,1705126082547.1787,1705126082547.5808,1705126082547.6208,1705126082547.621,1705126082561.9753,1705126082562.9941,1705126082680.208,1705126082682.3777,1705126082682.3782,['requests_toolbelt'],43,0
fn203_1,1705126082634.0337,1705126082691.4465,1705126082635.1982,1705126082635.4487,1705126082635.4822,1705126082635.4824,1705126082647.727,1705126082648.477,1705126082688.698,1705126082690.698,1705126082690.6982,[],55,0
fn204_1,1705126082652.2476,1705126082734.0173,1705126082653.7273,1705126082653.994,1705126082654.059,1705126082654.0593,1705126082659.9548,1705126082660.2622,1705126082730.237,1705126082732.8442,1705126082732.8447,[],2,0
fn206_1,1705126082683.3577,1705126082739.4692,1705126082684.6855,1705126082685.015,1705126082685.069,1705126082685.0693,1705126082698.9792,1705126082699.302,1705126082736.3042,1705126082738.586,1705126082738.587,[],55,0
fn208_1,1705126082734.081,1705126082752.623,1705126082735.3518,1705126082735.6143,1705126082735.6692,1705126082735.6694,1705126082741.944,1705126082741.847,1705126082748.3225,1705126082751.6938,1705126082751.6946,[],0,0
fn209_1,1705126082739.5198,1705126082754.4353,1705126082740.7476,1705126082740.981,1705126082741.0308,1705126082741.031,1705126082747.4453,1705126082748.135,1705126082748.1848,1705126082753.4998,1705126082753.5002,[],0,0
fn210_1,1705126082752.681,1705126082774.5352,1705126082753.9844,1705126082754.2292,1705126082754.27,1705126082754.2703,1705126082758.501,1705126082759.727,1705126082771.0942,1705126082773.5327,1705126082773.5332,[],0,0
fn211_1,1705126082754.4768,1705126082801.4312,1705126082755.5005,1705126082755.715,1705126082755.749,1705126082755.7493,1705126082762.64,1705126082762.8289,1705126082798.4456,1705126082800.625,1705126082800.6255,[],0,0
fn212_1,1705126082774.5945,1705126082807.2007,1705126082775.9863,1705126082776.9634,1705126082777.0208,1705126082777.021,1705126082783.8018,1705126082784.0408,1705126082803.1167,1705126082806.3774,1705126082806.378,[],0,0
fn214_1,1705126082807.2412,1705126082818.984,1705126082808.0283,1705126082808.189,1705126082808.2212,1705126082808.2212,1705126082813.8457,1705126082813.7292,1705126082813.73,1705126082818.2039,1705126082818.2043,[],0,0
fn201_1,1705126082605.0645,1705126082835.0645,1705126082606.2495,1705126082606.5452,1705126082606.5862,1705126082606.5864,1705126082616.9387,1705126082618.2708,1705126082832.4265,1705126082834.2664,1705126082834.2668,[],68,0
fn207_1,1705126082691.4834,1705126082836.3264,1705126082692.2998,1705126082692.6602,1705126082692.7031,1705126082692.7034,1705126082704.6074,1705126082706.0068,1705126082832.4158,1705126082835.167,1705126082835.1677,['requests_toolbelt'],43,0
fn216_1,1705126082835.1116,1705126082850.6128,1705126082837.419,1705126082837.6038,1705126082837.6353,1705126082837.6355,1705126082845.4006,1705126082844.1704,1705126082847.1433,1705126082849.888,1705126082849.8884,[],30,0
fn218_1,1705126082850.6504,1705126082865.6917,1705126082851.5105,1705126082851.753,1705126082851.7969,1705126082851.7969,1705126082859.2002,1705126082859.6077,1705126082860.7031,1705126082864.756,1705126082864.7568,[],31,0
fn215_1,1705126082819.0234,1705126082919.6133,1705126082819.8528,1705126082820.1912,1705126082820.2332,1705126082820.2334,1705126082826.759,1705126082828.549,1705126082916.4766,1705126082918.589,1705126082918.5896,[],5,0
fn217_1,1705126082836.374,1705126082927.7332,1705126082837.4663,1705126082837.7053,1705126082837.7488,1705126082837.749,1705126082845.6787,1705126082848.1184,1705126082925.186,1705126082927.1304,1705126082927.1309,[],5,0
fn213_1,1705126082801.478,1705126082948.104,1705126082803.1533,1705126082803.5662,1705126082803.6438,1705126082803.644,1705126082819.9055,1705126082822.6746,1705126082945.4644,1705126082947.4353,1705126082947.4358,['requests_toolbelt'],43,0
fn222_1,1705126082948.141,1705126082973.5686,1705126082948.9114,1705126082949.0735,1705126082949.103,1705126082949.1033,1705126082964.7205,1705126082965.0557,1705126082969.294,1705126082972.781,1705126082972.7817,[],0,0
fn219_1,1705126082865.7437,1705126083196.019,1705126082867.0164,1705126082867.3203,1705126082867.3638,1705126082867.364,1705126082877.6572,1705126082879.036,1705126083193.1453,1705126083195.1663,1705126083195.167,[],79,0
fn224_1,1705126083196.0605,1705126083239.7598,1705126083196.953,1705126083197.206,1705126083197.2605,1705126083197.2607,1705126083234.2498,1705126083233.9592,1705126083234.4907,1705126083238.864,1705126083238.8647,[],0,0
fn223_1,1705126082973.6157,1705126083255.7556,1705126082974.4595,1705126082974.683,1705126082974.758,1705126082974.7583,1705126082980.4746,1705126082980.7402,1705126083252.0461,1705126083254.826,1705126083254.8267,[],0,0
fn205_1,1705126082674.7073,1705126083375.0742,1705126082675.9565,1705126082676.2388,1705126082676.309,1705126082676.3093,1705126082686.393,1705126082689.8535,1705126083371.5989,1705126083373.4968,1705126083373.4973,[],21,0
fn226_1,1705126083255.8103,1705126083376.2017,1705126083256.9976,1705126083257.3083,1705126083257.3489,1705126083257.349,1705126083263.289,1705126083263.9844,1705126083371.058,1705126083373.9312,1705126083373.932,[],1,0
fn227_1,1705126083375.1462,1705126083465.649,1705126083377.402,1705126083377.6406,1705126083377.6868,1705126083377.687,1705126083409.8152,1705126083409.8499,1705126083462.1663,1705126083464.4282,1705126083464.429,[],0,0
fn229_1,1705126083465.7102,1705126083493.383,1705126083466.9956,1705126083467.1973,1705126083467.2393,1705126083467.2395,1705126083485.7876,1705126083485.5305,1705126083489.9922,1705126083492.4878,1705126083492.4883,[],0,0
fn221_1,1705126082927.7698,1705126083546.2107,1705126082928.5745,1705126082928.8777,1705126082928.921,1705126082928.9211,1705126082979.108,1705126082980.0881,1705126083542.3665,1705126083545.1191,1705126083545.1196,[],68,0
fn228_1,1705126083376.2522,1705126083557.5315,1705126083377.4001,1705126083377.6646,1705126083377.6938,1705126083377.6938,1705126083409.9866,1705126083410.8499,1705126083554.5825,1705126083556.8167,1705126083556.8171,[],30,0
fn231_1,1705126083546.2747,1705126083592.8477,1705126083547.577,1705126083547.868,1705126083547.939,1705126083547.9392,1705126083584.4788,1705126083585.7444,1705126083587.4822,1705126083591.8623,1705126083591.863,[],29,0
fn233_1,1705126083592.8984,1705126083629.276,1705126083593.9976,1705126083594.2908,1705126083594.3564,1705126083594.3567,1705126083602.9868,1705126083603.9214,1705126083624.5957,1705126083628.243,1705126083628.2437,[],68,0
fn234_1,1705126083629.3274,1705126083648.618,1705126083630.4746,1705126083630.7568,1705126083630.8293,1705126083630.8296,1705126083640.094,1705126083637.4155,1705126083644.155,1705126083647.6768,1705126083647.6772,[],0,0
fn232_1,1705126083557.572,1705126083722.869,1705126083558.4346,1705126083558.7485,1705126083558.808,1705126083558.8083,1705126083587.6226,1705126083589.0586,1705126083719.6416,1705126083721.9565,1705126083721.9573,[],68,0
fn225_1,1705126083239.8057,1705126083753.2537,1705126083240.6934,1705126083241.1204,1705126083241.1536,1705126083241.1536,1705126083250.2102,1705126083253.1714,1705126083748.3936,1705126083752.226,1705126083752.2268,['nbsphinx'],57,0
fn236_1,1705126083722.9175,1705126083759.6628,1705126083723.781,1705126083723.9768,1705126083724.0146,1705126083724.0146,1705126083754.367,1705126083753.8103,1705126083753.9688,1705126083758.9336,1705126083758.934,[],0,0
fn238_1,1705126083759.7068,1705126083778.4316,1705126083760.523,1705126083760.7166,1705126083760.7473,1705126083760.7476,1705126083773.1677,1705126083773.3398,1705126083774.2512,1705126083777.5476,1705126083777.548,[],68,0
fn237_1,1705126083753.3184,1705126083811.849,1705126083754.6177,1705126083754.9807,1705126083755.0256,1705126083755.026,1705126083770.0662,1705126083771.4695,1705126083808.8425,1705126083810.8203,1705126083810.8208,[],55,0
fn239_1,1705126083778.488,1705126083815.4167,1705126083779.6665,1705126083779.8572,1705126083779.884,1705126083779.8843,1705126083786.009,1705126083787.654,1705126083812.6987,1705126083814.7012,1705126083814.7017,[],5,0
fn220_1,1705126082919.6675,1705126083835.6165,1705126082920.8123,1705126082921.0647,1705126082921.108,1705126082921.1082,1705126082963.0762,1705126082963.2166,1705126083832.1143,1705126083834.769,1705126083834.7695,[],73,0
fn241_1,1705126083815.4521,1705126083843.4968,1705126083816.283,1705126083816.4856,1705126083816.5178,1705126083816.518,1705126083824.2966,1705126083824.1714,1705126083839.89,1705126083842.6174,1705126083842.6182,[],69,0
fn235_1,1705126083648.6677,1705126083846.3953,1705126083649.7092,1705126083650.1128,1705126083650.1992,1705126083650.1995,1705126083675.1567,1705126083668.7192,1705126083842.5862,1705126083845.3167,1705126083845.3174,['requests_toolbelt'],43,0
fn242_1,1705126083835.6716,1705126083846.6462,1705126083836.6138,1705126083836.7966,1705126083836.827,1705126083836.827,1705126083843.013,1705126083842.0005,1705126083842.0347,1705126083845.5022,1705126083845.5027,[],30,0
fn230_1,1705126083493.445,1705126083866.9866,1705126083494.659,1705126083494.8997,1705126083494.9353,1705126083494.9353,1705126083503.894,1705126083504.4143,1705126083863.534,1705126083866.1204,1705126083866.1213,[],79,0
fn240_1,1705126083811.91,1705126083873.4429,1705126083813.119,1705126083813.4207,1705126083813.4705,1705126083813.4705,1705126083826.8035,1705126083828.7202,1705126083869.814,1705126083872.6343,1705126083872.6348,[],55,0
fn245_1,1705126083846.6946,1705126083875.1697,1705126083848.3625,1705126083848.6145,1705126083848.6487,1705126083848.6487,1705126083858.3928,1705126083858.5146,1705126083870.444,1705126083874.1914,1705126083874.1921,[],57,0
fn248_1,1705126083875.2092,1705126083887.0537,1705126083876.2217,1705126083876.4248,1705126083876.458,1705126083876.4583,1705126083882.7173,1705126083881.7468,1705126083881.915,1705126083886.2913,1705126083886.2917,[],0,0
fn247_1,1705126083873.5095,1705126083890.5718,1705126083874.7637,1705126083875.028,1705126083875.0713,1705126083875.0715,1705126083882.47,1705126083883.2073,1705126083884.4631,1705126083889.9214,1705126083889.922,[],68,0
fn249_1,1705126083887.0964,1705126083901.6257,1705126083888.155,1705126083888.4165,1705126083888.4873,1705126083888.4878,1705126083895.3354,1705126083895.2666,1705126083898.0076,1705126083900.8354,1705126083900.836,[],5,0
fn250_1,1705126083890.6035,1705126083904.3745,1705126083891.369,1705126083891.535,1705126083891.5613,1705126083891.5615,1705126083898.69,1705126083898.8008,1705126083898.8496,1705126083903.644,1705126083903.645,[],69,0
fn246_1,1705126083867.0347,1705126083910.2131,1705126083868.1575,1705126083868.3667,1705126083868.3953,1705126083868.3953,1705126083877.7385,1705126083877.682,1705126083906.6458,1705126083909.3809,1705126083909.3816,[],57,0
fn252_1,1705126083904.4182,1705126083968.7148,1705126083905.4023,1705126083905.5564,1705126083905.593,1705126083905.593,1705126083911.3472,1705126083911.5366,1705126083965.1907,1705126083967.6704,1705126083967.6711,[],0,0
fn244_1,1705126083846.44,1705126083994.8093,1705126083848.369,1705126083848.7122,1705126083848.7412,1705126083848.7415,1705126083867.963,1705126083870.5115,1705126083991.634,1705126083993.8855,1705126083993.886,['requests_toolbelt'],43,0
fn251_1,1705126083901.674,1705126084003.0095,1705126083902.764,1705126083903.0183,1705126083903.0562,1705126083903.0564,1705126083909.9832,1705126083912.9102,1705126083998.4033,1705126084002.0676,1705126084002.0684,[],5,0
fn243_1,1705126083843.5342,1705126084018.167,1705126083844.3447,1705126083844.6025,1705126083844.65,1705126083844.6501,1705126083856.826,1705126083859.3254,1705126084015.462,1705126084017.4175,1705126084017.418,['requests_toolbelt'],43,0
fn257_1,1705126084018.2224,1705126084029.903,1705126084019.1326,1705126084019.3547,1705126084019.416,1705126084019.4163,1705126084024.9219,1705126084024.7283,1705126084024.8962,1705126084029.221,1705126084029.2214,[],0,0
fn256_1,1705126084003.0679,1705126084046.298,1705126084004.2744,1705126084004.5125,1705126084004.5708,1705126084004.571,1705126084011.748,1705126084012.1357,1705126084042.006,1705126084045.38,1705126084045.3806,[],78,0
fn258_1,1705126084029.9414,1705126084060.31,1705126084030.7996,1705126084031.0347,1705126084031.078,1705126084031.078,1705126084036.3462,1705126084036.1572,1705126084057.4607,1705126084059.5784,1705126084059.5789,[],0,0
fn259_1,1705126084046.3528,1705126084061.514,1705126084047.5176,1705126084047.7556,1705126084047.7961,1705126084047.7964,1705126084055.1545,1705126084055.409,1705126084055.4575,1705126084060.4912,1705126084060.4917,[],69,0
fn260_1,1705126084060.3503,1705126084073.3389,1705126084062.5703,1705126084062.8079,1705126084062.8423,1705126084062.8425,1705126084069.155,1705126084068.9155,1705126084069.0764,1705126084072.6997,1705126084072.7004,[],69,0
fn261_1,1705126084061.56,1705126084084.5369,1705126084062.6438,1705126084062.918,1705126084062.954,1705126084062.954,1705126084070.5117,1705126084070.4868,1705126084080.5105,1705126084083.71,1705126084083.7104,[],5,0
fn253_1,1705126083910.2688,1705126084107.3132,1705126083911.4402,1705126083911.6655,1705126083911.6965,1705126083911.6968,1705126083921.3816,1705126083921.6477,1705126084104.2834,1705126084106.3767,1705126084106.3772,[],68,0
fn264_1,1705126084107.3872,1705126084123.0432,1705126084108.605,1705126084108.841,1705126084108.8801,1705126084108.8801,1705126084115.789,1705126084116.2378,1705126084116.2805,1705126084122.0498,1705126084122.0503,[],5,0
fn262_1,1705126084073.373,1705126084138.5435,1705126084074.1575,1705126084074.377,1705126084074.4153,1705126084074.4155,1705126084079.5208,1705126084079.5593,1705126084135.8228,1705126084137.9026,1705126084137.9033,[],0,0
fn254_1,1705126083968.777,1705126084143.1194,1705126083970.045,1705126083970.408,1705126083970.4565,1705126083970.4565,1705126084004.452,1705126084004.8083,1705126084139.612,1705126084142.2988,1705126084142.2996,['requests_toolbelt'],43,0
fn267_1,1705126084143.186,1705126084158.0002,1705126084144.3196,1705126084144.5154,1705126084144.5657,1705126084144.566,1705126084150.757,1705126084151.1697,1705126084151.2092,1705126084157.042,1705126084157.0425,[],5,0
fn268_1,1705126084158.0466,1705126084171.9546,1705126084159.1199,1705126084159.3745,1705126084159.42,1705126084159.4202,1705126084165.198,1705126084165.4053,1705126084165.4062,1705126084171.1096,1705126084171.11,[],0,0
fn269_1,1705126084172.0005,1705126084209.97,1705126084173.043,1705126084173.2864,1705126084173.3257,1705126084173.326,1705126084180.428,1705126084180.8108,1705126084206.3508,1705126084208.873,1705126084208.8735,[],78,0
fn270_1,1705126084210.0278,1705126084239.8027,1705126084211.2612,1705126084211.4456,1705126084211.5144,1705126084211.5144,1705126084218.3896,1705126084218.394,1705126084236.337,1705126084238.814,1705126084238.815,[],78,0
fn271_1,1705126084239.8623,1705126084252.532,1705126084241.071,1705126084241.2605,1705126084241.298,1705126084241.298,1705126084248.123,1705126084247.852,1705126084247.8884,1705126084251.661,1705126084251.6614,[],69,0
fn265_1,1705126084123.0984,1705126084260.858,1705126084124.251,1705126084124.629,1705126084124.687,1705126084124.6873,1705126084139.9531,1705126084141.6387,1705126084258.081,1705126084260.1775,1705126084260.1777,['requests_toolbelt'],43,0
fn266_1,1705126084138.581,1705126084283.6047,1705126084139.4033,1705126084139.686,1705126084139.7388,1705126084139.7388,1705126084147.8013,1705126084148.4937,1705126084281.0217,1705126084282.872,1705126084282.8726,[],67,0
fn273_1,1705126084260.9,1705126084303.295,1705126084261.755,1705126084262.045,1705126084262.0864,1705126084262.0867,1705126084271.3462,1705126084271.6924,1705126084300.1228,1705126084302.5518,1705126084302.5522,[],57,0
fn272_1,1705126084252.5835,1705126084319.4216,1705126084253.754,1705126084253.9941,1705126084254.0398,1705126084254.04,1705126084259.3635,1705126084259.518,1705126084316.4814,1705126084318.6177,1705126084318.6182,[],0,0
fn255_1,1705126083994.866,1705126084321.958,1705126083995.7805,1705126083996.0667,1705126083996.237,1705126083996.237,1705126084004.176,1705126084004.2622,1705126084318.2974,1705126084321.329,1705126084321.3298,[],73,0
fn274_1,1705126084283.6458,1705126084344.2495,1705126084284.525,1705126084284.934,1705126084284.9778,1705126084284.9778,1705126084298.9705,1705126084299.4675,1705126084340.4424,1705126084343.218,1705126084343.219,[],55,0
fn276_1,1705126084319.4634,1705126084345.7363,1705126084320.4297,1705126084320.7341,1705126084320.782,1705126084320.7822,1705126084332.3274,1705126084332.5183,1705126084342.0654,1705126084345.0469,1705126084345.0474,[],57,0
fn277_1,1705126084322.0007,1705126084351.492,1705126084322.8284,1705126084323.0261,1705126084323.06,1705126084323.0603,1705126084329.7693,1705126084330.134,1705126084348.656,1705126084350.9084,1705126084350.909,[],0,0
fn275_1,1705126084303.3354,1705126084359.031,1705126084304.1882,1705126084304.5288,1705126084304.608,1705126084304.6082,1705126084316.126,1705126084316.6704,1705126084356.3555,1705126084358.3784,1705126084358.3794,[],55,0
fn278_1,1705126084344.3103,1705126084360.3015,1705126084346.5393,1705126084346.852,1705126084346.8965,1705126084346.8967,1705126084354.0532,1705126084353.7456,1705126084353.7957,1705126084359.7112,1705126084359.712,[],2,0
fn279_1,1705126084345.7695,1705126084370.8264,1705126084346.533,1705126084346.8142,1705126084346.8682,1705126084346.8684,1705126084354.0186,1705126084354.1858,1705126084366.4468,1705126084369.946,1705126084369.9468,[],69,0
fn283_1,1705126084370.875,1705126084400.953,1705126084372.0117,1705126084372.2866,1705126084372.3276,1705126084372.328,1705126084381.1091,1705126084381.9153,1705126084396.075,1705126084399.8767,1705126084399.877,[],57,0
fn284_1,1705126084401.01,1705126084417.2976,1705126084402.2825,1705126084402.5527,1705126084402.6003,1705126084402.6003,1705126084410.0908,1705126084410.4119,1705126084410.4565,1705126084416.2795,1705126084416.28,[],5,0
fn285_1,1705126084417.3545,1705126084448.8184,1705126084418.5833,1705126084418.8828,1705126084418.9285,1705126084418.9287,1705126084428.9878,1705126084429.8694,1705126084443.9556,1705126084447.7026,1705126084447.7034,[],57,0
fn281_1,1705126084359.0654,1705126084450.171,1705126084359.8364,1705126084360.1313,1705126084360.1724,1705126084360.1724,1705126084370.198,1705126084370.3518,1705126084446.7852,1705126084449.3499,1705126084449.3503,[],79,0
fn263_1,1705126084084.5845,1705126084461.624,1705126084085.6958,1705126084085.9968,1705126084086.0374,1705126084086.0376,1705126084095.5447,1705126084096.8652,1705126084459.033,1705126084460.9634,1705126084460.9644,[],79,0
fn282_1,1705126084360.339,1705126084494.9363,1705126084361.0168,1705126084361.208,1705126084361.2334,1705126084361.2336,1705126084370.4749,1705126084372.171,1705126084491.6992,1705126084493.968,1705126084493.969,[],68,0
fn287_1,1705126084450.2021,1705126084496.2087,1705126084450.994,1705126084451.2654,1705126084451.3225,1705126084451.323,1705126084490.1624,1705126084489.947,1705126084489.9875,1705126084494.7114,1705126084494.7122,[],0,0
fn288_1,1705126084461.6682,1705126084502.4734,1705126084462.4844,1705126084462.7056,1705126084462.7666,1705126084462.7666,1705126084496.8105,1705126084496.7654,1705126084496.813,1705126084501.6533,1705126084501.6543,[],69,0
fn289_1,1705126084494.991,1705126084508.394,1705126084497.3906,1705126084497.6213,1705126084497.6704,1705126084497.6704,1705126084503.378,1705126084503.219,1705126084503.2646,1705126084507.6624,1705126084507.663,[],30,0
fn291_1,1705126084502.5205,1705126084519.455,1705126084503.6245,1705126084503.8591,1705126084503.895,1705126084503.8953,1705126084514.1033,1705126084514.126,1705126084515.181,1705126084518.627,1705126084518.6274,[],68,0
fn292_1,1705126084508.44,1705126084523.186,1705126084509.4668,1705126084509.7036,1705126084509.7405,1705126084509.7405,1705126084516.061,1705126084516.452,1705126084516.4956,1705126084522.3467,1705126084522.3474,[],5,0
fn293_1,1705126084519.5046,1705126084533.2512,1705126084520.638,1705126084520.8623,1705126084520.901,1705126084520.9011,1705126084527.2212,1705126084526.7134,1705126084527.1267,1705126084532.435,1705126084532.4358,[],0,0
fn294_1,1705126084523.226,1705126084581.225,1705126084524.2249,1705126084524.468,1705126084524.5066,1705126084524.5066,1705126084534.3367,1705126084535.853,1705126084576.6353,1705126084580.1438,1705126084580.1443,[],57,0
fn295_1,1705126084533.3015,1705126084585.71,1705126084534.347,1705126084534.5718,1705126084534.598,1705126084534.598,1705126084539.8623,1705126084539.9412,1705126084582.0955,1705126084584.9045,1705126084584.905,[],31,0
fn296_1,1705126084581.2798,1705126084598.408,1705126084582.5278,1705126084582.8025,1705126084582.879,1705126084582.8792,1705126084592.194,1705126084592.1404,1705126084594.8376,1705126084597.582,1705126084597.5825,[],5,0
fn297_1,1705126084585.7551,1705126084603.7986,1705126084586.8542,1705126084587.0872,1705126084587.1243,1705126084587.1245,1705126084596.9243,1705126084597.5627,1705126084599.114,1705126084603.1453,1705126084603.1458,[],68,0
fn280_1,1705126084351.523,1705126084609.3699,1705126084352.3506,1705126084352.577,1705126084352.6226,1705126084352.6228,1705126084359.8525,1705126084359.547,1705126084606.8877,1705126084608.8005,1705126084608.8015,[],73,0
fn300_1,1705126084609.4087,1705126084623.921,1705126084610.1873,1705126084610.3716,1705126084610.4,1705126084610.4001,1705126084616.426,1705126084617.0374,1705126084619.4258,1705126084623.196,1705126084623.1965,[],5,0
fn286_1,1705126084448.8774,1705126084625.6536,1705126084450.9993,1705126084451.279,1705126084451.3108,1705126084451.3108,1705126084495.6562,1705126084497.248,1705126084621.8716,1705126084624.6025,1705126084624.603,['requests_toolbelt'],43,0
fn299_1,1705126084603.8345,1705126084637.394,1705126084604.6458,1705126084604.8623,1705126084604.8936,1705126084604.8936,1705126084611.6113,1705126084611.6443,1705126084634.2805,1705126084636.7546,1705126084636.7551,[],78,0
fn298_1,1705126084598.4592,1705126084678.2678,1705126084599.613,1705126084599.8423,1705126084599.8914,1705126084599.8916,1705126084606.139,1705126084606.4597,1705126084674.2004,1705126084677.2036,1705126084677.204,[],30,0
fn304_1,1705126084678.3281,1705126084693.9302,1705126084679.7239,1705126084679.99,1705126084680.043,1705126084680.0432,1705126084686.2979,1705126084686.4785,1705126084687.1096,1705126084692.8694,1705126084692.87,[],0,0
fn305_1,1705126084693.9893,1705126084709.0872,1705126084695.231,1705126084695.4856,1705126084695.535,1705126084695.5352,1705126084701.744,1705126084702.0972,1705126084702.3723,1705126084708.146,1705126084708.147,[],0,0
fn301_1,1705126084623.966,1705126084759.1836,1705126084624.762,1705126084624.9634,1705126084625.0037,1705126084625.0037,1705126084635.346,1705126084636.3357,1705126084756.522,1705126084758.3325,1705126084758.333,[],68,0
fn302_1,1705126084625.7043,1705126084769.4453,1705126084626.748,1705126084627.089,1705126084627.125,1705126084627.1252,1705126084642.6306,1705126084643.6453,1705126084766.8215,1705126084768.78,1705126084768.7805,['requests_toolbelt'],43,0
fn290_1,1705126084496.2527,1705126084837.3113,1705126084497.277,1705126084497.5369,1705126084497.6018,1705126084497.602,1705126084505.3787,1705126084505.88,1705126084833.4663,1705126084836.2334,1705126084836.2344,[],69,0
fn307_1,1705126084759.2258,1705126084848.0066,1705126084760.1091,1705126084760.3733,1705126084760.4446,1705126084760.4448,1705126084798.67,1705126084800.8157,1705126084844.9346,1705126084847.0962,1705126084847.097,[],5,0
fn309_1,1705126084837.3838,1705126084853.1387,1705126084838.7935,1705126084839.0586,1705126084839.1165,1705126084839.1167,1705126084846.0212,1705126084846.4688,1705126084846.5125,1705126084852.3967,1705126084852.3977,[],2,0
fn308_1,1705126084769.4827,1705126084856.1511,1705126084770.2764,1705126084770.5464,1705126084770.5918,1705126084770.592,1705126084800.5044,1705126084800.682,1705126084853.313,1705126084855.422,1705126084855.4226,[],1,0
fn312_1,1705126084856.1873,1705126084930.0813,1705126084856.9304,1705126084857.2341,1705126084857.2898,1705126084857.29,1705126084872.4656,1705126084873.6565,1705126084926.114,1705126084928.9473,1705126084928.948,[],55,0
fn313_1,1705126084930.142,1705126084975.5188,1705126084931.4138,1705126084931.692,1705126084931.7468,1705126084931.747,1705126084966.98,1705126084969.489,1705126084970.937,1705126084974.426,1705126084974.4265,[],5,0
fn306_1,1705126084709.1423,1705126085007.8855,1705126084710.3406,1705126084710.7449,1705126084710.7993,1705126084710.7996,1705126084721.3108,1705126084724.376,1705126085004.8555,1705126085006.8066,1705126085006.8074,['nbsphinx'],68,0
fn303_1,1705126084637.4312,1705126085016.2302,1705126084638.1985,1705126084638.4612,1705126084638.4968,1705126084638.497,1705126084648.178,1705126084649.1,1705126085012.6733,1705126085015.303,1705126085015.3037,[],79,0
fn310_1,1705126084848.0647,1705126085017.925,1705126084849.3005,1705126084849.5828,1705126084849.6284,1705126084849.6287,1705126084860.0225,1705126084860.3066,1705126085015.36,1705126085017.3386,1705126085017.339,[],68,0
fn315_1,1705126085007.9429,1705126085022.2249,1705126085009.1965,1705126085009.4568,1705126085009.5093,1705126085009.51,1705126085015.3506,1705126085015.2812,1705126085018.5796,1705126085021.5298,1705126085021.5303,[],0,0
fn318_1,1705126085022.2678,1705126085037.8323,1705126085023.302,1705126085023.5413,1705126085023.58,1705126085023.58,1705126085032.703,1705126085032.81,1705126085033.77,1705126085037.0635,1705126085037.0637,[],68,0
fn317_1,1705126085017.9648,1705126085039.8972,1705126085018.7075,1705126085018.9692,1705126085019.0083,1705126085019.0085,1705126085024.9146,1705126085024.335,1705126085036.7915,1705126085039.3228,1705126085039.3235,[],0,0
fn316_1,1705126085016.3,1705126085048.5786,1705126085017.4954,1705126085017.6973,1705126085017.7297,1705126085017.7297,1705126085024.8538,1705126085024.4348,1705126085045.4255,1705126085047.9802,1705126085047.9807,[],78,0
fn314_1,1705126084975.578,1705126085050.9812,1705126084976.905,1705126084977.176,1705126084977.2263,1705126084977.2266,1705126084984.4229,1705126084987.1282,1705126085047.4497,1705126085050.2637,1705126085050.2644,[],5,0
fn321_1,1705126085048.6133,1705126085062.3665,1705126085049.3904,1705126085049.6013,1705126085049.638,1705126085049.638,1705126085055.111,1705126085055.2368,1705126085058.7869,1705126085061.4414,1705126085061.4421,[],0,0
fn319_1,1705126085037.8748,1705126085063.7761,1705126085038.7153,1705126085039.0278,1705126085039.0757,1705126085039.076,1705126085046.8677,1705126085048.8438,1705126085059.7808,1705126085062.624,1705126085062.6245,[],57,0
fn322_1,1705126085051.0244,1705126085065.1672,1705126085052.0054,1705126085052.2097,1705126085052.2463,1705126085052.2466,1705126085058.6282,1705126085058.8633,1705126085058.9146,1705126085063.4175,1705126085063.418,[],71,0
fn320_1,1705126085039.9302,1705126085068.801,1705126085040.6338,1705126085040.868,1705126085040.8992,1705126085040.8994,1705126085053.5452,1705126085053.2234,1705126085065.4502,1705126085068.2297,1705126085068.2302,[],57,0
fn326_1,1705126085068.8293,1705126085137.5986,1705126085069.5012,1705126085069.7117,1705126085069.7456,1705126085069.7456,1705126085076.5437,1705126085078.3062,1705126085134.4568,1705126085136.523,1705126085136.5234,[],5,0
fn311_1,1705126084853.179,1705126085163.3057,1705126084854.126,1705126084854.416,1705126084854.4624,1705126084854.4626,1705126084864.295,1705126084864.4565,1705126085160.5745,1705126085162.5093,1705126085162.5103,[],79,0
fn327_1,1705126085137.6611,1705126085172.4548,1705126085138.9456,1705126085139.143,1705126085139.209,1705126085139.2092,1705126085164.8203,1705126085166.4878,1705126085167.1326,1705126085171.6694,1705126085171.67,[],0,0
fn328_1,1705126085163.3596,1705126085175.905,1705126085164.3232,1705126085164.5989,1705126085164.6543,1705126085164.6545,1705126085172.5493,1705126085169.4314,1705126085169.4326,1705126085174.9678,1705126085174.9685,[],0,0
fn330_1,1705126085175.9456,1705126085194.123,1705126085176.8608,1705126085177.0774,1705126085177.117,1705126085177.1172,1705126085182.7993,1705126085183.4353,1705126085189.8533,1705126085193.2034,1705126085193.204,[],0,0
fn331_1,1705126085194.1763,1705126085212.0015,1705126085195.4468,1705126085195.7239,1705126085195.7673,1705126085195.7676,1705126085206.0898,1705126085206.5334,1705126085206.5942,1705126085211.0032,1705126085211.0037,[],79,0
fn324_1,1705126085063.8152,1705126085223.8157,1705126085065.0374,1705126085065.2295,1705126085065.2532,1705126085065.2534,1705126085071.8433,1705126085074.7917,1705126085219.4714,1705126085222.8992,1705126085222.8997,[],21,0
fn329_1,1705126085172.5059,1705126085229.597,1705126085173.4473,1705126085173.7346,1705126085173.7764,1705126085173.7766,1705126085180.6216,1705126085180.9688,1705126085225.865,1705126085228.7703,1705126085228.7708,[],30,0
fn323_1,1705126085062.4219,1705126085246.5962,1705126085064.707,1705126085064.959,1705126085065,1705126085065.0002,1705126085074.2212,1705126085074.5344,1705126085243.0266,1705126085245.6562,1705126085245.6567,[],68,0
fn333_1,1705126085223.8713,1705126085263.0076,1705126085225.1038,1705126085225.3447,1705126085225.4087,1705126085225.409,1705126085234.5571,1705126085231.4185,1705126085259.1707,1705126085261.9614,1705126085261.9622,[],0,0
fn334_1,1705126085229.6453,1705126085265.2554,1705126085230.9692,1705126085231.192,1705126085231.2312,1705126085231.2314,1705126085240.2676,1705126085240.664,1705126085261.7485,1705126085264.479,1705126085264.4797,[],78,0
fn335_1,1705126085246.6582,1705126085285.2195,1705126085247.8887,1705126085248.1475,1705126085248.1914,1705126085248.1917,1705126085255.4321,1705126085258.2366,1705126085281.648,1705126085284.4524,1705126085284.453,[],5,0
fn338_1,1705126085285.261,1705126085314.2856,1705126085286.165,1705126085286.42,1705126085286.4636,1705126085286.464,1705126085292.5317,1705126085292.7332,1705126085309.775,1705126085313.176,1705126085313.1765,[],0,0
fn336_1,1705126085263.068,1705126085322.7822,1705126085264.4082,1705126085264.8699,1705126085264.9114,1705126085264.9116,1705126085278.8215,1705126085280.4001,1705126085320.0046,1705126085321.961,1705126085321.9614,[],55,0
fn337_1,1705126085265.3013,1705126085330.2822,1705126085266.3252,1705126085266.6052,1705126085266.6362,1705126085266.6365,1705126085289.3994,1705126085290.3445,1705126085327.6672,1705126085329.5833,1705126085329.5837,[],55,0
fn332_1,1705126085212.0564,1705126085359.0183,1705126085213.213,1705126085213.5933,1705126085213.6567,1705126085213.657,1705126085230.8503,1705126085230.2969,1705126085355.4868,1705126085358.2446,1705126085358.245,['requests_toolbelt'],43,0
fn325_1,1705126085065.1968,1705126085362.8198,1705126085065.8662,1705126085066.0117,1705126085066.0354,1705126085066.0354,1705126085073.9915,1705126085074.2185,1705126085359.436,1705126085362.05,1705126085362.0508,[],73,0
fn342_1,1705126085359.0645,1705126085376.9678,1705126085359.961,1705126085360.2449,1705126085360.2896,1705126085360.2898,1705126085369.829,1705126085370.055,1705126085371.5374,1705126085376.0989,1705126085376.0994,[],68,0
fn340_1,1705126085322.8313,1705126085391.373,1705126085323.993,1705126085324.4077,1705126085324.4585,1705126085324.4587,1705126085354.023,1705126085354.5598,1705126085387.852,1705126085390.1487,1705126085390.1492,[],30,0
fn344_1,1705126085377.0298,1705126085392.1416,1705126085378.1309,1705126085378.3838,1705126085378.4207,1705126085378.4207,1705126085384.4727,1705126085384.7244,1705126085386.0688,1705126085390.3098,1705126085390.3108,[],30,0
fn339_1,1705126085314.3442,1705126085399.7817,1705126085315.627,1705126085316.0015,1705126085316.0557,1705126085316.056,1705126085355.3274,1705126085355.6252,1705126085396.4548,1705126085399.01,1705126085399.0107,[],55,0
fn346_1,1705126085392.1775,1705126085407.5442,1705126085393.0679,1705126085393.3438,1705126085393.392,1705126085393.3926,1705126085399.8835,1705126085399.7686,1705126085404.2468,1705126085406.7822,1705126085406.783,[],0,0
fn343_1,1705126085362.87,1705126085438.2153,1705126085363.9795,1705126085364.1855,1705126085364.218,1705126085364.218,1705126085371.9463,1705126085372.3323,1705126085433.7769,1705126085437.0732,1705126085437.0737,[],69,0
fn347_1,1705126085399.834,1705126085460.4592,1705126085400.8906,1705126085401.1235,1705126085401.1873,1705126085401.1873,1705126085408.159,1705126085410.4187,1705126085456.083,1705126085459.4204,1705126085459.421,['git'],5,0
fn341_1,1705126085330.3176,1705126085466.9265,1705126085331.1135,1705126085331.3787,1705126085331.4185,1705126085331.4185,1705126085353.9902,1705126085356.9028,1705126085464.3152,1705126085466.2434,1705126085466.244,['blackd'],0,0
fn350_1,1705126085460.5164,1705126085475.587,1705126085461.7632,1705126085462.0051,1705126085462.0544,1705126085462.0547,1705126085468.4346,1705126085468.5127,1705126085470.9973,1705126085474.6926,1705126085474.693,[],0,0
fn351_1,1705126085466.9724,1705126085479.2124,1705126085467.916,1705126085468.1562,1705126085468.202,1705126085468.2021,1705126085474.911,1705126085474.1018,1705126085474.1355,1705126085478.4973,1705126085478.4978,[],2,0
fn352_1,1705126085475.6409,1705126085488.4128,1705126085476.9084,1705126085477.1401,1705126085477.1797,1705126085477.18,1705126085483.1833,1705126085482.9167,1705126085485.0088,1705126085487.6794,1705126085487.68,[],0,0
fn353_1,1705126085479.2456,1705126085503.5486,1705126085479.9785,1705126085480.1704,1705126085480.1973,1705126085480.1978,1705126085491.1548,1705126085490.6787,1705126085500.2102,1705126085502.9307,1705126085502.9312,[],57,0
fn354_1,1705126085488.462,1705126085512.0554,1705126085489.5874,1705126085489.8132,1705126085489.8547,1705126085489.855,1705126085495.244,1705126085495.4602,1705126085508.161,1705126085511.2478,1705126085511.2483,[],0,0
fn355_1,1705126085503.583,1705126085524.854,1705126085504.3313,1705126085504.5432,1705126085504.5967,1705126085504.597,1705126085510.186,1705126085509.9944,1705126085521.6685,1705126085524.1372,1705126085524.1377,[],0,0
fn345_1,1705126085391.4165,1705126085537.9004,1705126085393.05,1705126085393.467,1705126085393.509,1705126085393.5093,1705126085409.9082,1705126085410.7246,1705126085534.29,1705126085537.036,1705126085537.0366,['requests_toolbelt'],43,0
fn358_1,1705126085537.9644,1705126085552.7544,1705126085539.1538,1705126085539.3718,1705126085539.41,1705126085539.4102,1705126085545.2224,1705126085545.47,1705126085545.9812,1705126085551.816,1705126085551.8167,[],0,0
fn357_1,1705126085524.891,1705126085556.4978,1705126085525.6946,1705126085525.9219,1705126085525.9634,1705126085525.9636,1705126085532.0906,1705126085532.1677,1705126085553.178,1705126085555.8923,1705126085555.8928,[],78,0
fn348_1,1705126085407.5925,1705126085557.5344,1705126085408.6597,1705126085409.0386,1705126085409.1013,1705126085409.1013,1705126085422.3545,1705126085425.222,1705126085554.063,1705126085556.293,1705126085556.2937,['requests_toolbelt'],43,0
fn361_1,1705126085557.5833,1705126085582.6594,1705126085558.612,1705126085558.8796,1705126085558.9102,1705126085558.9104,1705126085569.4207,1705126085569.6125,1705126085579.0908,1705126085581.8716,1705126085581.8723,[],57,0
fn362_1,1705126085582.7031,1705126085596.3916,1705126085583.6455,1705126085583.9038,1705126085583.9468,1705126085583.9468,1705126085590.8616,1705126085590.7925,1705126085590.838,1705126085595.3662,1705126085595.367,[],5,0
fn359_1,1705126085552.8135,1705126085612.205,1705126085554.0828,1705126085554.4246,1705126085554.4685,1705126085554.4688,1705126085570.7834,1705126085571.0156,1705126085609.2825,1705126085611.2732,1705126085611.2737,[],55,0
fn349_1,1705126085438.2754,1705126085623.8193,1705126085439.571,1705126085439.9243,1705126085439.9858,1705126085439.986,1705126085451.4858,1705126085452.377,1705126085619.8933,1705126085622.6147,1705126085622.6152,[],68,0
fn363_1,1705126085596.4502,1705126085624.7188,1705126085597.6675,1705126085597.901,1705126085597.9495,1705126085597.9497,1705126085605.7393,1705126085605.82,1705126085618.9666,1705126085622.8752,1705126085622.876,[],69,0
fn364_1,1705126085612.2622,1705126085626.1643,1705126085613.45,1705126085613.66,1705126085613.6936,1705126085613.6938,1705126085619.0493,1705126085619.021,1705126085619.4014,1705126085623.83,1705126085623.8306,[],0,0
fn366_1,1705126085624.779,1705126085659.5781,1705126085627.2114,1705126085627.4788,1705126085627.6064,1705126085627.6067,1705126085639.6477,1705126085640.4297,1705126085654.5889,1705126085658.48,1705126085658.4807,[],57,0
fn368_1,1705126085659.6387,1705126085674.9917,1705126085660.9785,1705126085661.2336,1705126085661.28,1705126085661.2803,1705126085667.9114,1705126085668.2002,1705126085670.0642,1705126085673.9497,1705126085673.9502,[],30,0
fn365_1,1705126085623.887,1705126085696.22,1705126085627.15,1705126085627.5093,1705126085627.5586,1705126085627.5588,1705126085643.2476,1705126085644.447,1705126085692.4006,1705126085694.9475,1705126085694.9482,[],55,0
fn360_1,1705126085556.531,1705126085697.544,1705126085558.5369,1705126085558.7576,1705126085558.7886,1705126085558.7888,1705126085568.0134,1705126085568.3013,1705126085693.1685,1705126085695.1067,1705126085695.1072,['blackd'],0,0
fn371_1,1705126085697.5906,1705126085713.787,1705126085698.8325,1705126085699.172,1705126085699.2424,1705126085699.2427,1705126085706.6404,1705126085706.6785,1705126085707.219,1705126085712.9043,1705126085712.905,[],0,0
fn370_1,1705126085696.2803,1705126085758.4668,1705126085698.6985,1705126085698.9712,1705126085699.0251,1705126085699.0254,1705126085706.3992,1705126085709.1052,1705126085755.3367,1705126085757.5098,1705126085757.5103,[],5,0
fn373_1,1705126085758.52,1705126085771.7832,1705126085759.7283,1705126085759.9756,1705126085760.0461,1705126085760.0464,1705126085766.5024,1705126085766.369,1705126085766.4011,1705126085770.778,1705126085770.7786,[],2,0
fn374_1,1705126085771.8381,1705126085786.266,1705126085773.0823,1705126085773.3252,1705126085773.375,1705126085773.3752,1705126085779.1086,1705126085779.0388,1705126085782.3186,1705126085784.9248,1705126085784.9253,[],0,0
fn372_1,1705126085713.8364,1705126085787.5542,1705126085714.9731,1705126085715.288,1705126085715.3425,1705126085715.3428,1705126085729.0828,1705126085730.6482,1705126085782.2065,1705126085784.9329,1705126085784.9336,[],55,0
fn376_1,1705126085787.6038,1705126085817.8997,1705126085788.6882,1705126085788.9663,1705126085789.0466,1705126085789.0469,1705126085796.3674,1705126085796.4827,1705126085814.3857,1705126085816.8706,1705126085816.871,[],78,0
fn369_1,1705126085675.047,1705126085850.365,1705126085676.4585,1705126085676.9238,1705126085677.0596,1705126085677.0598,1705126085693.1685,1705126085696.642,1705126085847.3486,1705126085849.3396,1705126085849.3398,['requests_toolbelt'],43,0
fn375_1,1705126085786.3247,1705126085870.641,1705126085788.6787,1705126085789.0293,1705126085789.0562,1705126085789.0562,1705126085797.7144,1705126085798.481,1705126085867.529,1705126085869.8818,1705126085869.8826,['git'],23,0
fn379_1,1705126085870.6855,1705126085884.712,1705126085871.5798,1705126085871.7937,1705126085871.832,1705126085871.832,1705126085877.4265,1705126085877.2788,1705126085881.391,1705126085883.9702,1705126085883.9707,[],0,0
fn378_1,1705126085850.4275,1705126085894.7722,1705126085851.7249,1705126085851.98,1705126085852.0496,1705126085852.0498,1705126085859.7405,1705126085860.2334,1705126085890.402,1705126085893.8052,1705126085893.806,[],78,0
fn377_1,1705126085817.959,1705126085902.5261,1705126085819.313,1705126085819.6348,1705126085819.6843,1705126085819.6846,1705126085829.028,1705126085829.563,1705126085899.4004,1705126085901.7341,1705126085901.7346,[],79,0
fn381_1,1705126085894.836,1705126085925.2974,1705126085896.0276,1705126085896.3208,1705126085896.3616,1705126085896.3618,1705126085906.9722,1705126085907.216,1705126085920.4136,1705126085924.2844,1705126085924.285,[],57,0
fn380_1,1705126085884.7527,1705126085952.7417,1705126085885.6062,1705126085885.865,1705126085885.9275,1705126085885.9277,1705126085894.0093,1705126085895.1912,1705126085949.7793,1705126085951.9438,1705126085951.9443,[],21,0
fn367_1,1705126085626.2048,1705126085955.1807,1705126085627.6628,1705126085627.8652,1705126085627.8965,1705126085627.8965,1705126085639.69,1705126085639.1948,1705126085951.8965,1705126085954.5454,1705126085954.546,[],79,0
fn384_1,1705126085952.787,1705126085996.043,1705126085953.7512,1705126085954.1157,1705126085954.1614,1705126085954.1616,1705126085965.0005,1705126085964.864,1705126085992.5444,1705126085995.1907,1705126085995.1912,[],56,0
fn386_1,1705126085996.0952,1705126086007.1106,1705126085996.9905,1705126085997.1775,1705126085997.2183,1705126085997.2183,1705126086003.209,1705126086003.0413,1705126086003.074,1705126086006.367,1705126086006.3672,[],31,0
fn356_1,1705126085512.1038,1705126086016.9807,1705126085513.1934,1705126085513.4915,1705126085513.5264,1705126085513.5266,1705126085524.3848,1705126085525.401,1705126086014.1565,1705126086016.176,1705126086016.1765,[],68,0
fn387_1,1705126086007.1536,1705126086022.5112,1705126086008.045,1705126086008.2163,1705126086008.2476,1705126086008.2478,1705126086013.5198,1705126086013.3572,1705126086018.955,1705126086021.8047,1705126086021.805,[],0,0
fn389_1,1705126086022.5522,1705126086123.0662,1705126086023.3953,1705126086023.5725,1705126086023.6018,1705126086023.6018,1705126086030.741,1705126086032.7363,1705126086120.071,1705126086122.1235,1705126086122.124,[],59,0
fn383_1,1705126085925.3577,1705126086176.742,1705126085926.5654,1705126085926.881,1705126085926.926,1705126085926.9263,1705126085937.6982,1705126085938.6343,1705126086172.9963,1705126086175.6401,1705126086175.6409,[],68,0
fn385_1,1705126085955.2168,1705126086272.966,1705126085955.9473,1705126085956.1873,1705126085956.2227,1705126085956.223,1705126085967.7522,1705126085968.231,1705126086269.8496,1705126086271.9104,1705126086271.9111,[],79,0
fn388_1,1705126086017.0413,1705126086279.476,1705126086018.0364,1705126086018.328,1705126086018.406,1705126086018.4062,1705126086025.7144,1705126086025.7878,1705126086275.8118,1705126086278.5647,1705126086278.5652,[],73,0
fn390_1,1705126086123.1116,1705126086281.4194,1705126086124.0774,1705126086124.523,1705126086124.5835,1705126086124.5837,1705126086167.1853,1705126086168.1445,1705126086278.3792,1705126086280.6833,1705126086280.6838,['requests_toolbelt'],43,0
fn392_1,1705126086273.0264,1705126086316.2012,1705126086274.3188,1705126086274.609,1705126086274.6677,1705126086274.668,1705126086308.6326,1705126086309.3848,1705126086310.6953,1705126086315.21,1705126086315.2107,[],68,0
fn391_1,1705126086176.7996,1705126086331.338,1705126086178.0623,1705126086178.3613,1705126086178.4143,1705126086178.4146,1705126086185.7659,1705126086186.4575,1705126086328.6895,1705126086330.572,1705126086330.5725,[],78,0
fn396_1,1705126086331.3816,1705126086343.309,1705126086332.2607,1705126086332.5107,1705126086332.5537,1705126086332.554,1705126086338.3467,1705126086338.284,1705126086339.393,1705126086342.589,1705126086342.5896,[],71,0
fn397_1,1705126086343.3535,1705126086361.6426,1705126086344.2117,1705126086344.4143,1705126086344.4434,1705126086344.4434,1705126086349.8943,1705126086349.7468,1705126086358.4985,1705126086360.85,1705126086360.8506,[],0,0
fn395_1,1705126086316.2598,1705126086390.615,1705126086317.513,1705126086317.8672,1705126086317.9138,1705126086317.914,1705126086333.862,1705126086334.743,1705126086386.8748,1705126086389.5566,1705126086389.5576,[],55,0
fn399_1,1705126086390.6777,1705126086404.5364,1705126086391.9731,1705126086392.2217,1705126086392.2734,1705126086392.2737,1705126086398.9553,1705126086399.1038,1705126086399.1436,1705126086403.5967,1705126086403.5974,[],30,0
fn393_1,1705126086279.5295,1705126086450.4465,1705126086280.6855,1705126086280.9436,1705126086280.9927,1705126086280.993,1705126086308.664,1705126086310.7002,1705126086447.6348,1705126086449.387,1705126086449.3877,['blackd'],0,0
fn401_1,1705126086450.5085,1705126086483.322,1705126086451.7822,1705126086452.0073,1705126086452.0522,1705126086452.0525,1705126086478.9192,1705126086478.487,1705126086478.5242,1705126086482.288,1705126086482.2886,[],69,0
fn400_1,1705126086404.5918,1705126086491.1426,1705126086405.8113,1705126086406.0586,1705126086406.119,1705126086406.1191,1705126086413.5896,1705126086416.6958,1705126086487.2673,1705126086490.2603,1705126086490.2612,[],5,0
fn398_1,1705126086361.6885,1705126086499.4302,1705126086362.6025,1705126086363.044,1705126086363.0972,1705126086363.0974,1705126086377.411,1705126086378.577,1705126086496.3066,1705126086498.5981,1705126086498.5986,['requests_toolbelt'],43,0
fn404_1,1705126086499.4814,1705126086574.8916,1705126086500.6611,1705126086500.997,1705126086501.0417,1705126086501.042,1705126086516.3936,1705126086517.8135,1705126086570.882,1705126086573.7412,1705126086573.7422,[],55,0
fn402_1,1705126086483.3801,1705126086576.5344,1705126086484.6497,1705126086484.9358,1705126086484.9868,1705126086484.987,1705126086491.2,1705126086491.4663,1705126086572.3047,1705126086574.8542,1705126086574.8545,[],2,0
fn394_1,1705126086281.4507,1705126086589.3757,1705126086282.1255,1705126086282.2866,1705126086282.314,1705126086282.314,1705126086310.904,1705126086310.7534,1705126086586.552,1705126086588.5493,1705126086588.5498,[],73,0
fn403_1,1705126086491.197,1705126086592.1401,1705126086492.3552,1705126086492.5999,1705126086492.6367,1705126086492.637,1705126086500.5703,1705126086500.0706,1705126086589.5667,1705126086591.5522,1705126086591.5525,[],69,0
fn407_1,1705126086589.4272,1705126086616.8857,1705126086590.5286,1705126086590.7744,1705126086590.8235,1705126086590.8237,1705126086610.0696,1705126086609.7363,1705126086610.1636,1705126086615.902,1705126086615.9028,[],2,0
fn382_1,1705126085902.5781,1705126086618.4028,1705126085903.8193,1705126085904.0786,1705126085904.1216,1705126085904.1218,1705126085911.6636,1705126085912.6357,1705126086614.5803,1705126086617.321,1705126086617.3215,[],73,0
fn406_1,1705126086576.5815,1705126086676.0613,1705126086577.6255,1705126086577.9375,1705126086577.9998,1705126086578.0002,1705126086606.3567,1705126086606.8096,1705126086672.0427,1705126086675.0168,1705126086675.0178,[],31,0
fn410_1,1705126086618.461,1705126086733.4768,1705126086619.674,1705126086619.8997,1705126086619.9421,1705126086619.9424,1705126086626.161,1705126086626.4697,1705126086729.3188,1705126086732.5022,1705126086732.5034,[],30,0
fn411_1,1705126086676.1118,1705126086735.0042,1705126086677.344,1705126086677.6316,1705126086677.6824,1705126086677.6826,1705126086728.53,1705126086728.2722,1705126086729.319,1705126086732.5884,1705126086732.5889,[],68,0
fn405_1,1705126086574.9556,1705126086837.183,1705126086577.657,1705126086577.9226,1705126086577.9644,1705126086577.9644,1705126086608.8481,1705126086609.1694,1705126086833.3838,1705126086836.0342,1705126086836.035,[],68,0
fn414_1,1705126086837.2573,1705126086887.4353,1705126086838.6208,1705126086838.9094,1705126086838.9666,1705126086838.9668,1705126086879.2285,1705126086879.3352,1705126086882.8635,1705126086886.3752,1705126086886.3757,[],5,0
fn412_1,1705126086733.5288,1705126086905.1492,1705126086734.6257,1705126086734.8987,1705126086734.94,1705126086734.9402,1705126086746.0137,1705126086746.3918,1705126086902.328,1705126086904.265,1705126086904.2654,[],68,0
fn416_1,1705126086905.2097,1705126086917.7595,1705126086906.4211,1705126086906.6277,1705126086906.6714,1705126086906.6716,1705126086912.5774,1705126086912.3093,1705126086912.3103,1705126086916.8901,1705126086916.8906,[],0,0
fn408_1,1705126086592.1736,1705126086920.774,1705126086592.845,1705126086593.012,1705126086593.0376,1705126086593.0378,1705126086612.243,1705126086612.5337,1705126086916.454,1705126086919.9878,1705126086919.989,[],79,0
fn418_1,1705126086920.8318,1705126086938.8474,1705126086921.947,1705126086922.1165,1705126086922.15,1705126086922.15,1705126086927.5786,1705126086927.8015,1705126086934.7214,1705126086937.91,1705126086937.9104,[],0,0
fn419_1,1705126086938.9004,1705126086952.1895,1705126086940.0708,1705126086940.328,1705126086940.4038,1705126086940.404,1705126086946.6519,1705126086946.8784,1705126086947.07,1705126086951.332,1705126086951.3325,[],30,0
fn420_1,1705126086952.2385,1705126086966.8638,1705126086953.3823,1705126086953.6086,1705126086953.649,1705126086953.6492,1705126086959.4673,1705126086959.7207,1705126086960.3005,1705126086965.8914,1705126086965.892,[],0,0
fn417_1,1705126086917.8137,1705126086978.1238,1705126086919.0151,1705126086919.3115,1705126086919.3555,1705126086919.3555,1705126086925.6743,1705126086926.1316,1705126086974.9116,1705126086977.2324,1705126086977.233,[],31,0
fn409_1,1705126086616.9468,1705126086985.4092,1705126086619.5728,1705126086619.8882,1705126086619.9624,1705126086619.9624,1705126086629.3643,1705126086630.6748,1705126086982.2964,1705126086984.561,1705126086984.5618,[],79,0
fn413_1,1705126086735.0457,1705126087030.2688,1705126086735.7808,1705126086735.9663,1705126086735.9912,1705126086735.9912,1705126086742.7517,1705126086743.4624,1705126087027.3496,1705126087029.3591,1705126087029.3596,[],73,0
fn424_1,1705126087030.3325,1705126087077.4448,1705126087031.2876,1705126087031.4854,1705126087031.521,1705126087031.521,1705126087070.9978,1705126087070.663,1705126087073.8325,1705126087076.5923,1705126087076.5925,[],5,0
fn425_1,1705126087077.4885,1705126087109.3813,1705126087078.4636,1705126087078.6965,1705126087078.7551,1705126087078.7554,1705126087086.0256,1705126087086.064,1705126087105.9446,1705126087108.5066,1705126087108.507,[],78,0
fn426_1,1705126087109.4226,1705126087122.4126,1705126087110.3914,1705126087110.6528,1705126087110.7065,1705126087110.7068,1705126087117.227,1705126087117.1677,1705126087117.2102,1705126087121.679,1705126087121.6797,[],2,0
fn427_1,1705126087122.4556,1705126087153.557,1705126087123.3906,1705126087123.6404,1705126087123.6829,1705126087123.683,1705126087130.5198,1705126087130.4863,1705126087150.2163,1705126087152.6846,1705126087152.6853,[],78,0
fn415_1,1705126086887.4958,1705126087161.9285,1705126086888.7903,1705126086889.105,1705126086889.1523,1705126086889.1526,1705126086896.6306,1705126086897.0195,1705126087159.2073,1705126087161.1418,1705126087161.1423,[],69,0
fn429_1,1705126087161.987,1705126087173.718,1705126087163.1055,1705126087163.2896,1705126087163.3203,1705126087163.3203,1705126087168.1423,1705126087168.1025,1705126087168.257,1705126087172.6543,1705126087172.6548,[],0,0
fn423_1,1705126086985.4714,1705126087174.4526,1705126086986.6729,1705126086986.9739,1705126086987.01,1705126086987.0103,1705126086994.9382,1705126086996.1853,1705126087170.273,1705126087172.9585,1705126087172.9595,[],29,0
fn422_1,1705126086978.1833,1705126087206.8037,1705126086979.4297,1705126086979.7185,1705126086979.7651,1705126086979.7656,1705126086988.454,1705126086988.9055,1705126087203.8604,1705126087205.7532,1705126087205.7537,[],68,0
fn432_1,1705126087206.8687,1705126087276.9119,1705126087208.114,1705126087208.389,1705126087208.4414,1705126087208.4417,1705126087215.672,1705126087217.5852,1705126087273.8044,1705126087275.834,1705126087275.8345,[],5,0
fn421_1,1705126086966.9136,1705126087278.4924,1705126086968.0635,1705126086968.4722,1705126086968.5183,1705126086968.5186,1705126086981.0898,1705126086981.5566,1705126087274.0955,1705126087276.7,1705126087276.7004,['nbsphinx'],57,0
fn433_1,1705126087276.976,1705126087319.9016,1705126087279.3733,1705126087279.5994,1705126087279.6428,1705126087279.643,1705126087314.0254,1705126087313.7622,1705126087314.2456,1705126087318.905,1705126087318.9055,[],0,0
fn431_1,1705126087174.487,1705126087331.7925,1705126087175.371,1705126087175.7104,1705126087175.7544,1705126087175.7546,1705126087190.5762,1705126087192.058,1705126087328.908,1705126087331.0054,1705126087331.0063,['requests_toolbelt'],43,0
fn436_1,1705126087331.8486,1705126087352.8667,1705126087332.8076,1705126087333.0066,1705126087333.0347,1705126087333.035,1705126087338.3433,1705126087338.2256,1705126087349.6968,1705126087352.0542,1705126087352.0547,[],0,0
fn430_1,1705126087173.756,1705126087369.1255,1705126087175.4355,1705126087175.7102,1705126087175.7463,1705126087175.7466,1705126087185.8862,1705126087186.6902,1705126087366.3142,1705126087368.2913,1705126087368.2917,[],68,0
fn438_1,1705126087369.17,1705126087393.9705,1705126087370.0334,1705126087370.2456,1705126087370.2788,1705126087370.279,1705126087380.5588,1705126087380.6406,1705126087390.2156,1705126087393.08,1705126087393.0806,[],57,0
fn437_1,1705126087352.9087,1705126087416.0642,1705126087353.8105,1705126087354.1538,1705126087354.2007,1705126087354.201,1705126087368.5298,1705126087369.0793,1705126087413.2542,1705126087415.2217,1705126087415.2222,[],55,0
fn439_1,1705126087394.0166,1705126087419.5479,1705126087394.9824,1705126087395.275,1705126087395.328,1705126087395.3284,1705126087405.6746,1705126087405.8262,1705126087415.6726,1705126087418.7075,1705126087418.7083,[],57,0
fn441_1,1705126087419.5857,1705126087433.2153,1705126087420.449,1705126087420.6604,1705126087420.6968,1705126087420.6968,1705126087428.8232,1705126087428.3708,1705126087428.407,1705126087432.559,1705126087432.5598,[],69,0
fn442_1,1705126087433.2532,1705126087445.8618,1705126087434.0574,1705126087434.2693,1705126087434.2969,1705126087434.297,1705126087440.6782,1705126087440.6978,1705126087440.7432,1705126087445.1501,1705126087445.1506,[],5,0
fn440_1,1705126087416.1099,1705126087493.8792,1705126087417.0112,1705126087417.2483,1705126087417.2935,1705126087417.294,1705126087426.3918,1705126087427.9263,1705126087490.594,1705126087492.8506,1705126087492.851,[],67,0
fn443_1,1705126087445.9011,1705126087500.914,1705126087446.6865,1705126087446.9202,1705126087446.9526,1705126087446.9526,1705126087451.871,1705126087451.8381,1705126087498.348,1705126087500.2915,1705126087500.292,[],0,0
fn428_1,1705126087153.6072,1705126087520.3577,1705126087154.9666,1705126087155.1936,1705126087155.2295,1705126087155.2297,1705126087165.8613,1705126087166.1978,1705126087516.2595,1705126087519.576,1705126087519.5767,[],79,0
fn444_1,1705126087493.942,1705126087532.0278,1705126087495.1726,1705126087495.3794,1705126087495.4165,1705126087495.4165,1705126087525.8643,1705126087526.0208,1705126087527.2356,1705126087530.8455,1705126087530.846,[],30,0
fn434_1,1705126087278.5361,1705126087533.0862,1705126087279.4507,1705126087279.7527,1705126087279.8005,1705126087279.8008,1705126087317.263,1705126087317.5522,1705126087528.3494,1705126087531.2202,1705126087531.2207,[],68,0
fn445_1,1705126087500.9512,1705126087535.8418,1705126087501.759,1705126087502.005,1705126087502.0505,1705126087502.0508,1705126087529.048,1705126087529.157,1705126087529.2007,1705126087535.0889,1705126087535.0896,[],2,0
fn449_1,1705126087535.8823,1705126087547.0505,1705126087536.8792,1705126087537.1228,1705126087537.1582,1705126087537.1584,1705126087542.814,1705126087542.6729,1705126087543.0962,1705126087546.272,1705126087546.2725,[],30,0
fn448_1,1705126087533.1296,1705126087550.5771,1705126087533.968,1705126087534.1675,1705126087534.2024,1705126087534.2026,1705126087548.5647,1705126087539.8635,1705126087547.4521,1705126087549.973,1705126087549.9734,[],0,0
fn451_1,1705126087550.6082,1705126087563.6833,1705126087551.383,1705126087551.7966,1705126087551.8555,1705126087551.8555,1705126087559.4817,1705126087559.3271,1705126087559.365,1705126087562.8865,1705126087562.8867,[],71,0
fn452_1,1705126087563.7317,1705126087578.2344,1705126087564.859,1705126087565.1072,1705126087565.146,1705126087565.1465,1705126087573.93,1705126087573.9907,1705126087574.0264,1705126087577.4006,1705126087577.4011,[],79,0
fn453_1,1705126087578.283,1705126087594.8281,1705126087579.4739,1705126087579.743,1705126087579.7842,1705126087579.7842,1705126087588.3743,1705126087589.3013,1705126087589.3452,1705126087593.8657,1705126087593.8665,[],75,0
fn447_1,1705126087532.0867,1705126087612.775,1705126087533.9458,1705126087534.147,1705126087534.1753,1705126087534.1755,1705126087540.4438,1705126087543.753,1705126087609.7595,1705126087611.8438,1705126087611.8442,[],5,0
fn455_1,1705126087612.8374,1705126087628.2705,1705126087614.0676,1705126087614.31,1705126087614.352,1705126087614.352,1705126087620.0676,1705126087619.8835,1705126087624.996,1705126087627.4006,1705126087627.4011,[],0,0
fn456_1,1705126087628.321,1705126087639.7937,1705126087629.3716,1705126087629.598,1705126087629.6418,1705126087629.6418,1705126087634.7234,1705126087634.6274,1705126087634.8535,1705126087639.1064,1705126087639.107,[],0,0
fn435_1,1705126087319.964,1705126087645.2253,1705126087321.2732,1705126087321.5034,1705126087321.547,1705126087321.5474,1705126087331.8823,1705126087331.8508,1705126087642.036,1705126087644.5447,1705126087644.5452,[],79,0
fn457_1,1705126087639.8352,1705126087652.5327,1705126087640.665,1705126087640.897,1705126087640.9531,1705126087640.9534,1705126087646.577,1705126087646.7673,1705126087646.8047,1705126087651.8494,1705126087651.8499,[],2,0
fn459_1,1705126087652.572,1705126087686.9832,1705126087653.509,1705126087653.7222,1705126087653.757,1705126087653.7573,1705126087672.009,1705126087663.313,1705126087682.923,1705126087686.04,1705126087686.0403,[],5,0
fn460_1,1705126087687.0388,1705126087701.9297,1705126087688.1472,1705126087688.369,1705126087688.4167,1705126087688.417,1705126087694.554,1705126087694.8752,1705126087694.9324,1705126087700.9927,1705126087700.9932,[],0,0
fn458_1,1705126087645.2778,1705126087707.3323,1705126087646.1506,1705126087646.4175,1705126087646.4526,1705126087646.4526,1705126087661.7983,1705126087662.292,1705126087704.6165,1705126087706.5774,1705126087706.5781,[],55,0
fn450_1,1705126087547.0952,1705126087709.84,1705126087548.18,1705126087548.5632,1705126087548.6055,1705126087548.6057,1705126087563.198,1705126087564.8467,1705126087706.799,1705126087709.102,1705126087709.1025,['requests_toolbelt'],43,0
fn461_1,1705126087701.988,1705126087714.6953,1705126087703.24,1705126087703.4497,1705126087703.4993,1705126087703.4995,1705126087710.611,1705126087709.6917,1705126087709.732,1705126087713.9937,1705126087713.9941,[],0,0
fn463_1,1705126087709.8833,1705126087768.9158,1705126087710.874,1705126087711.1162,1705126087711.15,1705126087711.1501,1705126087717.9092,1705126087717.622,1705126087765.9595,1705126087768.0483,1705126087768.049,[],0,0
fn464_1,1705126087714.7603,1705126087772.2893,1705126087715.7656,1705126087716.0823,1705126087716.12,1705126087716.1204,1705126087732.963,1705126087733.6167,1705126087769.4255,1705126087771.5889,1705126087771.5894,[],55,0
fn466_1,1705126087772.325,1705126087805.7095,1705126087773.1013,1705126087773.2773,1705126087773.3093,1705126087773.3093,1705126087799.973,1705126087799.42,1705126087802.2239,1705126087804.9023,1705126087804.903,[],0,0
fn467_1,1705126087805.7542,1705126087823.7034,1705126087806.6252,1705126087806.8733,1705126087806.906,1705126087806.906,1705126087813.7344,1705126087815.5376,1705126087820.6028,1705126087822.9336,1705126087822.9343,[],5,0
fn468_1,1705126087823.7463,1705126087854.266,1705126087824.6675,1705126087824.8914,1705126087824.9226,1705126087824.9226,1705126087834.1536,1705126087835.378,1705126087849.5476,1705126087853.3745,1705126087853.3752,[],57,0
fn454_1,1705126087594.8804,1705126087875.9438,1705126087596.0417,1705126087596.2878,1705126087596.3262,1705126087596.3264,1705126087603.9146,1705126087604.5344,1705126087873.013,1705126087875.1272,1705126087875.1277,[],69,0
fn470_1,1705126087875.9927,1705126087902.427,1705126087876.995,1705126087877.1736,1705126087877.2078,1705126087877.2078,1705126087892.8508,1705126087892.7917,1705126087899.3862,1705126087901.6433,1705126087901.6438,[],0,0
fn462_1,1705126087707.383,1705126087908.4321,1705126087708.448,1705126087708.8254,1705126087708.8599,1705126087708.86,1705126087728.853,1705126087731.577,1705126087904.913,1705126087907.6106,1705126087907.6113,['requests_toolbelt'],43,0
fn471_1,1705126087902.4697,1705126087916.456,1705126087903.4265,1705126087903.6238,1705126087903.658,1705126087903.658,1705126087911.0647,1705126087910.8093,1705126087910.858,1705126087915.6833,1705126087915.684,[],69,0
fn472_1,1705126087908.4797,1705126087922.2014,1705126087909.4812,1705126087909.7173,1705126087909.7573,1705126087909.7578,1705126087917.5605,1705126087918.5105,1705126087918.8645,1705126087921.607,1705126087921.6074,[],5,0
fn474_1,1705126087922.2332,1705126087940.7598,1705126087922.9827,1705126087923.1802,1705126087923.2153,1705126087923.2156,1705126087929.1611,1705126087929.371,1705126087936.4885,1705126087939.812,1705126087939.8127,[],0,0
fn475_1,1705126087940.8096,1705126087960.7837,1705126087941.9746,1705126087942.316,1705126087942.3699,1705126087942.37,1705126087953.3171,1705126087954.0032,1705126087955.3843,1705126087959.8425,1705126087959.8433,[],68,0
fn476_1,1705126087960.8345,1705126087979.0063,1705126087962.0222,1705126087962.29,1705126087962.3323,1705126087962.3325,1705126087971.475,1705126087972.378,1705126087974.0115,1705126087978.1104,1705126087978.1108,[],29,0
fn477_1,1705126087979.0544,1705126087993.172,1705126087980.1643,1705126087980.3845,1705126087980.4214,1705126087980.4216,1705126087986.3726,1705126087986.6038,1705126087986.6565,1705126087992.3672,1705126087992.3682,[],0,0
fn446_1,1705126087520.4065,1705126088018.641,1705126087521.3643,1705126087521.6208,1705126087521.6687,1705126087521.669,1705126087530.8088,1705126087531.2175,1705126088015.2737,1705126088017.7764,1705126088017.7769,[],73,0
fn469_1,1705126087854.3162,1705126088021.0688,1705126087855.331,1705126087855.629,1705126087855.6626,1705126087855.6628,1705126087895.1125,1705126087896.1924,1705126088018.2559,1705126088020.376,1705126088020.3767,['requests_toolbelt'],43,0
fn473_1,1705126087916.5015,1705126088049.0906,1705126087917.6023,1705126087918.0847,1705126087918.124,1705126087918.1243,1705126087926.2795,1705126087929.1519,1705126088045.7305,1705126088048.2844,1705126088048.285,[],25,0
fn478_1,1705126087993.2158,1705126088065.7808,1705126087994.2273,1705126087994.558,1705126087994.596,1705126087994.5962,1705126088009.5688,1705126088011.0093,1705126088062.1335,1705126088064.8293,1705126088064.8303,[],55,0
fn482_1,1705126088065.8418,1705126088111.6165,1705126088067.0684,1705126088067.3193,1705126088067.366,1705126088067.366,1705126088074.7698,1705126088075.2642,1705126088106.5376,1705126088110.5125,1705126088110.5132,[],78,0
fn465_1,1705126087768.9568,1705126088188.679,1705126087769.8708,1705126087770.144,1705126087770.2175,1705126087770.2178,1705126087798.6152,1705126087799.2786,1705126088185.7944,1705126088187.78,1705126088187.7805,[],73,0
fn479_1,1705126088018.7073,1705126088217.4167,1705126088019.9746,1705126088020.1982,1705126088020.2288,1705126088020.2288,1705126088030.4087,1705126088030.638,1705126088214.582,1705126088216.5457,1705126088216.5461,[],68,0
fn481_1,1705126088049.132,1705126088225.3025,1705126088050.0413,1705126088050.3274,1705126088050.379,1705126088050.3792,1705126088056.4766,1705126088057.0393,1705126088222.7576,1705126088224.6306,1705126088224.631,[],30,0
fn486_1,1705126088225.3374,1705126088241.112,1705126088226.1067,1705126088226.3235,1705126088226.3625,1705126088226.3628,1705126088236.933,1705126088236.9521,1705126088236.996,1705126088240.405,1705126088240.4055,[],31,0
fn485_1,1705126088217.4697,1705126088247.6,1705126088218.4487,1705126088218.6453,1705126088218.6846,1705126088218.6848,1705126088237.066,1705126088237.3567,1705126088243.9321,1705126088246.7932,1705126088246.7937,[],0,0
fn488_1,1705126088247.6453,1705126088260.574,1705126088248.6958,1705126088248.9062,1705126088248.9395,1705126088248.9397,1705126088255.179,1705126088255.4333,1705126088255.471,1705126088259.791,1705126088259.7915,[],30,0
fn487_1,1705126088241.1516,1705126088266.9456,1705126088241.9648,1705126088242.1807,1705126088242.2126,1705126088242.213,1705126088252.4048,1705126088252.8909,1705126088262.8816,1705126088266.1997,1705126088266.2002,[],57,0
fn490_1,1705126088266.9854,1705126088279.0923,1705126088267.9329,1705126088268.1755,1705126088268.2087,1705126088268.209,1705126088273.7349,1705126088273.7717,1705126088273.873,1705126088278.4,1705126088278.4006,[],0,0
fn491_1,1705126088279.1282,1705126088291.066,1705126088279.9321,1705126088280.1533,1705126088280.1936,1705126088280.1938,1705126088286.7,1705126088286.4482,1705126088286.4854,1705126088290.319,1705126088290.3196,[],69,0
fn480_1,1705126088021.1123,1705126088312.5059,1705126088022.0588,1705126088022.2778,1705126088022.312,1705126088022.3123,1705126088029.09,1705126088029.074,1705126088308.7734,1705126088311.4714,1705126088311.4722,[],73,0
fn489_1,1705126088260.6233,1705126088315.4604,1705126088261.6958,1705126088261.957,1705126088261.9868,1705126088261.987,1705126088276.362,1705126088276.7961,1705126088312.8203,1705126088314.8298,1705126088314.8303,[],55,0
fn492_1,1705126088291.1045,1705126088457.271,1705126088291.9165,1705126088292.1206,1705126088292.1484,1705126088292.1487,1705126088302.665,1705126088302.8655,1705126088454.3188,1705126088456.3984,1705126088456.3992,[],68,0
fn484_1,1705126088188.735,1705126088463.6082,1705126088189.6633,1705126088189.861,1705126088189.9004,1705126088189.9004,1705126088235.1543,1705126088235.2332,1705126088460.6934,1705126088462.883,1705126088462.884,[],73,0
fn483_1,1705126088111.6768,1705126088470.4536,1705126088112.9854,1705126088113.3213,1705126088113.3726,1705126088113.373,1705126088149.3396,1705126088150.0974,1705126088467.8667,1705126088469.8262,1705126088469.8267,[],79,0
fn496_1,1705126088463.65,1705126088490.1519,1705126088464.484,1705126088464.6611,1705126088464.6987,1705126088464.6987,1705126088484.6685,1705126088484.5618,1705126088484.7454,1705126088489.2017,1705126088489.2024,[],0,0
fn494_1,1705126088315.4934,1705126088492.0505,1705126088316.284,1705126088316.541,1705126088316.5837,1705126088316.5837,1705126088322.1956,1705126088324.67,1705126088488.6484,1705126088491.3005,1705126088491.3013,['blackd'],0,0
fn499_1,1705126088492.0952,1705126088504.2158,1705126088493.0898,1705126088493.2615,1705126088493.285,1705126088493.285,1705126088499.1672,1705126088498.9487,1705126088498.9875,1705126088503.3486,1705126088503.349,[],0,0
fn498_1,1705126088490.2104,1705126088510.9922,1705126088491.4854,1705126088491.699,1705126088491.7283,1705126088491.7288,1705126088497.4424,1705126088498.0776,1705126088506.8074,1705126088510.1218,1705126088510.1223,[],1,0
fn497_1,1705126088470.4973,1705126088513.4658,1705126088471.3162,1705126088471.4873,1705126088471.5198,1705126088471.5198,1705126088486.0515,1705126088485.7698,1705126088510.112,1705126088512.8735,1705126088512.874,[],78,0
fn501_1,1705126088511.0432,1705126088537.1313,1705126088512.1885,1705126088512.4556,1705126088512.4973,1705126088512.4976,1705126088522.125,1705126088523.9216,1705126088533.4697,1705126088536.3022,1705126088536.3027,[],57,0
fn495_1,1705126088457.3137,1705126088541.405,1705126088458.2097,1705126088458.5103,1705126088458.5715,1705126088458.5718,1705126088480.6897,1705126088481.9163,1705126088537.424,1705126088540.2852,1705126088540.2861,[],0,0
fn493_1,1705126088312.5754,1705126088542.1636,1705126088313.894,1705126088314.2043,1705126088314.252,1705126088314.2524,1705126088325.2593,1705126088326.5198,1705126088538.71,1705126088540.715,1705126088540.7156,[],68,0
fn502_1,1705126088513.4998,1705126088546.898,1705126088514.2256,1705126088514.4644,1705126088514.4983,1705126088514.4985,1705126088528.8372,1705126088530.0715,1705126088543.4194,1705126088546.2947,1705126088546.295,[],57,0
fn506_1,1705126088546.929,1705126088561.0203,1705126088547.643,1705126088547.8525,1705126088547.8884,1705126088547.8887,1705126088554.9988,1705126088555.1267,1705126088555.1763,1705126088560.0627,1705126088560.0637,[],69,0
fn505_1,1705126088542.2173,1705126088566.0334,1705126088543.4116,1705126088543.657,1705126088543.695,1705126088543.695,1705126088552.9,1705126088552.9531,1705126088562.4807,1705126088565.3894,1705126088565.39,[],57,0
fn507_1,1705126088561.0742,1705126088583.0796,1705126088562.2998,1705126088562.5396,1705126088562.5833,1705126088562.5835,1705126088568.864,1705126088568.473,1705126088579.8372,1705126088582.3213,1705126088582.3218,[],0,0
fn504_1,1705126088541.457,1705126088597.9753,1705126088543.3086,1705126088543.5425,1705126088543.5833,1705126088543.5835,1705126088550.578,1705126088550.278,1705126088594.6543,1705126088596.9998,1705126088597.0,[],78,0
fn503_1,1705126088537.1763,1705126088601.022,1705126088538.061,1705126088538.2766,1705126088538.3135,1705126088538.3137,1705126088544.9854,1705126088546.808,1705126088597.63,1705126088600.2737,1705126088600.2742,[],5,0
fn509_1,1705126088583.1226,1705126088614.3296,1705126088584.0166,1705126088584.294,1705126088584.3337,1705126088584.334,1705126088599.6736,1705126088599.6284,1705126088610.642,1705126088613.4534,1705126088613.4539,[],57,0
fn510_1,1705126088598.0325,1705126088616.0972,1705126088599.2588,1705126088599.4985,1705126088599.5461,1705126088599.5464,1705126088605.992,1705126088607.6653,1705126088612.9993,1705126088615.4463,1705126088615.4468,[],5,0
fn508_1,1705126088566.0703,1705126088628.114,1705126088566.8716,1705126088567.178,1705126088567.2214,1705126088567.2214,1705126088583.194,1705126088584.869,1705126088625.1306,1705126088627.2898,1705126088627.29,[],55,0
fn512_1,1705126088614.385,1705126088633.0989,1705126088615.5186,1705126088615.7131,1705126088615.7485,1705126088615.7485,1705126088621.5188,1705126088621.9492,1705126088629.138,1705126088632.448,1705126088632.4485,[],0,0
fn514_1,1705126088628.156,1705126088659.5862,1705126088629.049,1705126088629.2554,1705126088629.2847,1705126088629.2847,1705126088639.7258,1705126088640.467,1705126088654.6907,1705126088658.466,1705126088658.4666,[],57,0
fn500_1,1705126088504.268,1705126088661.699,1705126088505.4067,1705126088505.8098,1705126088505.8586,1705126088505.859,1705126088521.0786,1705126088522.3872,1705126088659.1553,1705126088661.0894,1705126088661.09,['requests_toolbelt'],43,0
fn511_1,1705126088601.0671,1705126088710.962,1705126088602.124,1705126088602.3506,1705126088602.3906,1705126088602.3909,1705126088609.5847,1705126088610.3975,1705126088707.7185,1705126088710.0627,1705126088710.0635,[],78,0
fn516_1,1705126088659.6465,1705126088799.8333,1705126088660.884,1705126088661.3533,1705126088661.4094,1705126088661.4102,1705126088674.1804,1705126088677.8325,1705126088796.3752,1705126088798.3875,1705126088798.388,['requests_toolbelt'],43,0
fn518_1,1705126088711.0186,1705126088800.9495,1705126088711.986,1705126088712.3887,1705126088712.4548,1705126088712.455,1705126088722.8123,1705126088723.397,1705126088796.6523,1705126088798.5232,1705126088798.5237,[],79,0
fn519_1,1705126088799.8928,1705126088845.5715,1705126088801.8333,1705126088802.0508,1705126088802.089,1705126088802.089,1705126088838.0295,1705126088837.6975,1705126088842.273,1705126088844.7573,1705126088844.7576,[],0,0
fn520_1,1705126088800.991,1705126088854.243,1705126088801.821,1705126088802.083,1705126088802.1123,1705126088802.1123,1705126088840.6328,1705126088840.5833,1705126088850.4575,1705126088853.273,1705126088853.2734,[],57,0
fn521_1,1705126088845.6184,1705126088858.1768,1705126088846.504,1705126088846.6895,1705126088846.7183,1705126088846.7183,1705126088853.5647,1705126088853.2776,1705126088853.3171,1705126088857.4678,1705126088857.4683,[],69,0
fn517_1,1705126088661.7463,1705126088863.363,1705126088662.475,1705126088663.642,1705126088663.6934,1705126088663.6936,1705126088683.6746,1705126088686.847,1705126088859.873,1705126088862.6128,1705126088862.6133,['requests_toolbelt'],43,0
fn524_1,1705126088863.401,1705126088887.6545,1705126088864.4077,1705126088864.6255,1705126088864.6628,1705126088864.663,1705126088871.46,1705126088871.642,1705126088882.8838,1705126088886.7058,1705126088886.7063,[],69,0
fn523_1,1705126088858.2136,1705126088889.123,1705126088858.9583,1705126088859.1343,1705126088859.1597,1705126088859.16,1705126088865.974,1705126088865.6387,1705126088885.436,1705126088887.8853,1705126088887.8857,[],78,0
fn522_1,1705126088854.3018,1705126088895.564,1705126088855.503,1705126088855.7163,1705126088855.7542,1705126088855.7544,1705126088861.8142,1705126088861.6782,1705126088892.8533,1705126088894.8696,1705126088894.87,[],0,0
fn526_1,1705126088889.1565,1705126088900.3428,1705126088890.0232,1705126088890.2312,1705126088890.2678,1705126088890.2678,1705126088896.3245,1705126088896.0684,1705126088896.0989,1705126088899.6528,1705126088899.653,[],30,0
fn525_1,1705126088887.7117,1705126088914.8706,1705126088889.2002,1705126088889.486,1705126088889.88,1705126088889.8801,1705126088901.3484,1705126088901.8096,1705126088911.4065,1705126088914.1514,1705126088914.1519,[],57,0
fn527_1,1705126088895.6006,1705126088918.3203,1705126088896.2832,1705126088896.582,1705126088896.6187,1705126088896.619,1705126088903.1602,1705126088903.1047,1705126088914.6016,1705126088917.7292,1705126088917.7297,[],69,0
fn513_1,1705126088616.1318,1705126088919.7861,1705126088616.859,1705126088617.0293,1705126088617.0564,1705126088617.0564,1705126088624.9148,1705126088624.6318,1705126088915.7856,1705126088919.064,1705126088919.0647,[],73,0
fn530_1,1705126088918.3528,1705126088930.5852,1705126088919.1797,1705126088919.4028,1705126088919.4402,1705126088919.4404,1705126088923.983,1705126088925.0115,1705126088925.0122,1705126088929.4817,1705126088929.4822,[],0,0
fn528_1,1705126088900.3813,1705126088931.5173,1705126088901.5085,1705126088901.7463,1705126088901.8594,1705126088901.8594,1705126088910.8186,1705126088911.5596,1705126088926.58,1705126088929.6418,1705126088929.6423,[],68,0
fn529_1,1705126088914.907,1705126088932.1785,1705126088915.7793,1705126088916.0984,1705126088916.141,1705126088916.141,1705126088926.0554,1705126088926.7659,1705126088926.8113,1705126088930.2598,1705126088930.26,[],75,0
fn515_1,1705126088633.135,1705126088940.4856,1705126088633.9211,1705126088634.2158,1705126088634.2566,1705126088634.2568,1705126088643.3384,1705126088643.8997,1705126088936.9717,1705126088939.7058,1705126088939.7063,[],79,0
fn533_1,1705126088931.562,1705126088958.1794,1705126088932.9868,1705126088933.2068,1705126088933.2368,1705126088933.237,1705126088943.8623,1705126088944.1604,1705126088954.3347,1705126088957.18,1705126088957.1804,[],57,0
fn534_1,1705126088932.2083,1705126088965.9324,1705126088932.9927,1705126088933.226,1705126088933.2637,1705126088933.264,1705126088941.743,1705126088940.4,1705126088962.433,1705126088965.0864,1705126088965.087,[],78,0
fn532_1,1705126088930.6243,1705126088988.7078,1705126088933.0205,1705126088933.3223,1705126088933.356,1705126088933.356,1705126088948.3914,1705126088948.6194,1705126088985.847,1705126088987.8455,1705126088987.846,[],55,0
fn538_1,1705126088988.768,1705126089005.5151,1705126088990.02,1705126088990.4011,1705126088990.473,1705126088990.4731,1705126088996.5017,1705126088996.3672,1705126089002.3958,1705126089004.7869,1705126089004.7874,[],0,0
fn531_1,1705126088919.827,1705126089009.5293,1705126088920.4817,1705126088920.6958,1705126088920.7317,1705126088920.732,1705126088930.323,1705126088928.599,1705126089006.0408,1705126089008.8635,1705126089008.864,[],0,0
fn535_1,1705126088940.538,1705126089014.5054,1705126088941.6887,1705126088941.9033,1705126088941.9382,1705126088941.9382,1705126088948.6416,1705126088948.8926,1705126089011.5017,1705126089013.7905,1705126089013.7913,[],0,0
fn539_1,1705126089005.5547,1705126089017.933,1705126089006.4292,1705126089006.6829,1705126089006.7446,1705126089006.7449,1705126089012.6094,1705126089012.4084,1705126089013.8796,1705126089017.2883,1705126089017.2888,[],30,0
fn536_1,1705126088958.237,1705126089023.185,1705126088959.5369,1705126088959.8013,1705126088959.8496,1705126088959.85,1705126088965.4846,1705126088965.677,1705126089020.464,1705126089022.5186,1705126089022.519,[],1,0
fn540_1,1705126089009.5742,1705126089031.828,1705126089010.4485,1705126089010.6719,1705126089010.716,1705126089010.716,1705126089017.587,1705126089016.786,1705126089028.7563,1705126089031.1743,1705126089031.1748,[],0,0
fn541_1,1705126089014.5586,1705126089038.0413,1705126089015.7,1705126089015.9177,1705126089015.9558,1705126089015.956,1705126089021.817,1705126089021.6106,1705126089034.3752,1705126089037.2876,1705126089037.288,[],30,0
fn537_1,1705126088965.985,1705126089041.3372,1705126088967.15,1705126088967.3494,1705126088967.3833,1705126088967.3833,1705126088973.1074,1705126088973.3599,1705126089037.8997,1705126089040.6555,1705126089040.6562,[],2,0
fn544_1,1705126089031.862,1705126089043.2942,1705126089032.609,1705126089032.7917,1705126089032.8252,1705126089032.8252,1705126089038.1372,1705126089037.8242,1705126089037.9844,1705126089042.628,1705126089042.6284,[],0,0
fn545_1,1705126089038.083,1705126089049.5984,1705126089039.0947,1705126089039.2878,1705126089039.319,1705126089039.3193,1705126089043.49,1705126089044.7761,1705126089044.815,1705126089049.0269,1705126089049.0273,[],0,0
fn543_1,1705126089023.22,1705126089062.0522,1705126089023.9468,1705126089024.156,1705126089024.1946,1705126089024.1948,1705126089029.2642,1705126089029.1982,1705126089058.1553,1705126089061.113,1705126089061.1138,[],0,0
fn546_1,1705126089041.3909,1705126089063.977,1705126089042.4392,1705126089042.6333,1705126089042.6667,1705126089042.6667,1705126089047.4517,1705126089047.3032,1705126089060.5789,1705126089063.2576,1705126089063.2578,[],0,0
fn550_1,1705126089064.0225,1705126089081.5928,1705126089064.999,1705126089065.2449,1705126089065.2993,1705126089065.2993,1705126089075.795,1705126089075.8826,1705126089077.4841,1705126089080.6658,1705126089080.6663,[],29,0
fn542_1,1705126089017.964,1705126089083.1646,1705126089018.6821,1705126089019.0173,1705126089019.0566,1705126089019.0566,1705126089035.74,1705126089036.943,1705126089080.347,1705126089082.3545,1705126089082.355,[],55,0
fn552_1,1705126089083.2163,1705126089095.388,1705126089084.1487,1705126089084.3079,1705126089084.332,1705126089084.332,1705126089090.117,1705126089089.9478,1705126089089.9866,1705126089094.6707,1705126089094.6711,[],0,0
fn553_1,1705126089095.4243,1705126089106.8938,1705126089096.2917,1705126089096.5166,1705126089096.6013,1705126089096.6016,1705126089102.6824,1705126089102.503,1705126089102.5413,1705126089106.1045,1705126089106.105,[],71,0
fn554_1,1705126089106.937,1705126089118.7979,1705126089107.8086,1705126089108.0378,1705126089108.0847,1705126089108.085,1705126089113.8318,1705126089113.5933,1705126089113.6318,1705126089118.046,1705126089118.0464,[],0,0
fn548_1,1705126089049.628,1705126089120.4666,1705126089050.321,1705126089050.64,1705126089050.6785,1705126089050.6787,1705126089066.9172,1705126089066.6106,1705126089116.7756,1705126089119.5825,1705126089119.583,[],55,0
fn547_1,1705126089043.3345,1705126089181.966,1705126089044.241,1705126089044.5112,1705126089044.5417,1705126089044.542,1705126089061.4438,1705126089063.7275,1705126089179.1357,1705126089181.0923,1705126089181.093,['requests_toolbelt'],43,0
fn549_1,1705126089062.106,1705126089238.29,1705126089063.3088,1705126089063.7065,1705126089063.7488,1705126089063.7488,1705126089079.1548,1705126089082.035,1705126089235.3015,1705126089237.27,1705126089237.2708,['requests_toolbelt'],43,0
fn555_1,1705126089118.8394,1705126089248.119,1705126089119.6978,1705126089120.0986,1705126089120.1443,1705126089120.1445,1705126089133.2292,1705126089135.7292,1705126089245.3496,1705126089247.4246,1705126089247.4253,['requests_toolbelt'],43,0
fn558_1,1705126089238.3562,1705126089251.4248,1705126089239.6682,1705126089239.9243,1705126089239.972,1705126089239.9722,1705126089246.9421,1705126089246.63,1705126089246.6667,1705126089250.6865,1705126089250.687,[],69,0
fn551_1,1705126089081.651,1705126089258.2566,1705126089083.1826,1705126089083.404,1705126089083.958,1705126089083.9583,1705126089093.362,1705126089093.6104,1705126089254.9116,1705126089257.5137,1705126089257.5144,[],68,0
fn559_1,1705126089248.1582,1705126089259.8413,1705126089248.9922,1705126089249.234,1705126089249.2751,1705126089249.2754,1705126089255.5374,1705126089255.3662,1705126089255.4026,1705126089259.1936,1705126089259.194,[],69,0
fn556_1,1705126089120.4993,1705126089286.7874,1705126089121.2825,1705126089121.723,1705126089121.7683,1705126089121.7686,1705126089144.3213,1705126089147.204,1705126089283.0593,1705126089285.7737,1705126089285.7742,['requests_toolbelt'],43,0
fn557_1,1705126089182.0227,1705126089395.2651,1705126089183.0125,1705126089183.2466,1705126089183.293,1705126089183.293,1705126089229.6196,1705126089230.3977,1705126089392.3108,1705126089394.2083,1705126089394.209,[],68,0
fn561_1,1705126089258.3042,1705126089396.7722,1705126089259.3774,1705126089259.7727,1705126089259.8154,1705126089259.8154,1705126089273.5159,1705126089276.0566,1705126089393.5525,1705126089395.7842,1705126089395.7847,['requests_toolbelt'],43,0
fn562_1,1705126089259.8804,1705126089397.833,1705126089260.6155,1705126089260.9827,1705126089261.0227,1705126089261.0227,1705126089283.2102,1705126089286.0872,1705126089394.357,1705126089396.9087,1705126089396.9092,['requests_toolbelt'],43,0
fn563_1,1705126089286.8586,1705126089407.2898,1705126089288.1355,1705126089288.41,1705126089288.4524,1705126089288.4526,1705126089295.9473,1705126089296.5762,1705126089388.7075,1705126089406.6208,1705126089406.6213,[],78,0
fn567_1,1705126089407.3225,1705126089441.4275,1705126089408.0728,1705126089408.2341,1705126089408.2637,1705126089408.2637,1705126089434.28,1705126089434.4841,1705126089434.5254,1705126089440.358,1705126089440.3584,[],5,0
fn564_1,1705126089395.3372,1705126089442.9678,1705126089397.006,1705126089397.2634,1705126089397.558,1705126089397.558,1705126089431.3425,1705126089430.3774,1705126089438.754,1705126089441.6816,1705126089441.6821,[],69,0
fn569_1,1705126089443.021,1705126089455.9707,1705126089444.0925,1705126089444.2932,1705126089444.3342,1705126089444.3345,1705126089450.772,1705126089450.6492,1705126089450.6934,1705126089455.2305,1705126089455.231,[],5,0
fn560_1,1705126089251.4663,1705126089468.569,1705126089252.4067,1705126089252.6091,1705126089252.6409,1705126089252.641,1705126089262.5454,1705126089263.2126,1705126089464.8872,1705126089467.5625,1705126089467.5632,[],68,0
fn570_1,1705126089456.0056,1705126089470.0232,1705126089456.8542,1705126089457.1118,1705126089457.153,1705126089457.1533,1705126089462.8496,1705126089462.7197,1705126089465.579,1705126089468.5537,1705126089468.5542,[],30,0
fn566_1,1705126089397.8618,1705126089479.2097,1705126089398.6804,1705126089398.9429,1705126089398.97,1705126089398.97,1705126089435.7534,1705126089435.8372,1705126089476.509,1705126089478.5608,1705126089478.5613,[],55,0
fn568_1,1705126089441.4863,1705126089499.8772,1705126089444.1313,1705126089444.3618,1705126089444.404,1705126089444.4043,1705126089452.0645,1705126089452.2036,1705126089496.695,1705126089499.0564,1705126089499.057,[],78,0
fn565_1,1705126089396.8108,1705126089502.33,1705126089398.5432,1705126089398.769,1705126089398.8018,1705126089398.8018,1705126089429.9866,1705126089430.3672,1705126089498.9219,1705126089501.7314,1705126089501.732,[],30,0
fn573_1,1705126089479.2427,1705126089511.4065,1705126089479.966,1705126089480.1792,1705126089480.208,1705126089480.208,1705126089491.1655,1705126089491.8286,1705126089506.6248,1705126089510.493,1705126089510.4937,[],57,0
fn575_1,1705126089502.3716,1705126089536.8267,1705126089503.1775,1705126089503.3796,1705126089503.4111,1705126089503.4114,1705126089510.2515,1705126089512.265,1705126089532.9502,1705126089535.7961,1705126089535.7966,[],5,0
fn572_1,1705126089470.0725,1705126089561.4575,1705126089471.098,1705126089471.3357,1705126089471.3774,1705126089471.3777,1705126089477.5833,1705126089478.0708,1705126089558.155,1705126089560.6045,1705126089560.6052,[],30,0
fn577_1,1705126089536.8855,1705126089579.1858,1705126089538.2043,1705126089538.4712,1705126089538.5352,1705126089538.5354,1705126089546.359,1705126089546.7122,1705126089574.9922,1705126089578.1235,1705126089578.1243,[],78,0
fn578_1,1705126089561.5046,1705126089581.273,1705126089562.4355,1705126089562.635,1705126089562.6765,1705126089562.6768,1705126089569.6904,1705126089569.4563,1705126089577.016,1705126089580.457,1705126089580.4575,[],69,0
fn579_1,1705126089579.2483,1705126089612.4365,1705126089580.633,1705126089580.9045,1705126089580.9558,1705126089580.956,1705126089587.0525,1705126089588.329,1705126089609.0503,1705126089611.5662,1705126089611.5667,[],78,0
fn580_1,1705126089581.3145,1705126089622.3113,1705126089582.0576,1705126089582.2383,1705126089582.2664,1705126089582.2664,1705126089592.077,1705126089592.4934,1705126089619.005,1705126089621.4087,1705126089621.4092,[],78,0
fn581_1,1705126089612.4856,1705126089668.8777,1705126089613.3867,1705126089613.675,1705126089613.7156,1705126089613.7156,1705126089630.4033,1705126089630.8796,1705126089666.0774,1705126089668.023,1705126089668.0234,[],55,0
fn576_1,1705126089511.4558,1705126089706.9612,1705126089512.64,1705126089512.9983,1705126089513.0837,1705126089513.084,1705126089529.4192,1705126089531.9321,1705126089703.8054,1705126089706.0635,1705126089706.0642,['requests_toolbelt'],43,0
fn584_1,1705126089707.0056,1705126089720.1492,1705126089707.9434,1705126089708.2031,1705126089708.2585,1705126089708.2588,1705126089714.3252,1705126089714.232,1705126089714.6348,1705126089719.3145,1705126089719.3152,[],0,0
fn571_1,1705126089468.64,1705126089731.2866,1705126089470.979,1705126089471.2375,1705126089471.2815,1705126089471.2817,1705126089478.8208,1705126089478.5947,1705126089728.604,1705126089730.4993,1705126089730.4995,[],69,0
fn585_1,1705126089720.191,1705126089732.4583,1705126089721.1045,1705126089721.3645,1705126089721.4075,1705126089721.4077,1705126089726.912,1705126089726.7485,1705126089726.7954,1705126089731.2031,1705126089731.2034,[],0,0
fn587_1,1705126089732.4993,1705126089762.0476,1705126089733.2786,1705126089733.5225,1705126089733.5583,1705126089733.5586,1705126089740.2446,1705126089741.8975,1705126089759.044,1705126089761.2178,1705126089761.2185,[],21,0
fn582_1,1705126089622.3655,1705126089789.0415,1705126089623.4717,1705126089623.7244,1705126089623.7834,1705126089623.7837,1705126089636.1042,1705126089633.62,1705126089786.0586,1705126089787.9783,1705126089787.979,[],68,0
fn589_1,1705126089789.0996,1705126089807.1404,1705126089790.3245,1705126089790.536,1705126089790.5742,1705126089790.5742,1705126089796.4485,1705126089796.2354,1705126089803.5818,1705126089806.1272,1705126089806.1277,[],30,0
fn590_1,1705126089807.1963,1705126089840.3113,1705126089808.4236,1705126089808.6697,1705126089808.703,1705126089808.7031,1705126089819.7344,1705126089819.955,1705126089836.5874,1705126089839.3975,1705126089839.398,[],57,0
fn591_1,1705126089840.3706,1705126089852.9417,1705126089841.3281,1705126089841.5454,1705126089841.5823,1705126089841.5825,1705126089847.3936,1705126089847.3564,1705126089847.8945,1705126089852.2288,1705126089852.2292,[],0,0
fn583_1,1705126089668.9175,1705126089895.729,1705126089669.8137,1705126089670.227,1705126089670.2825,1705126089670.2825,1705126089716.6309,1705126089718.996,1705126089891.8428,1705126089894.6208,1705126089894.6216,['requests_toolbelt'],43,0
fn588_1,1705126089762.0884,1705126089896.8953,1705126089763.0188,1705126089763.4465,1705126089763.4949,1705126089763.495,1705126089779.9807,1705126089781.059,1705126089893.1453,1705126089895.1455,1705126089895.146,['requests_toolbelt'],43,0
fn586_1,1705126089731.3364,1705126089900.7488,1705126089733.2773,1705126089733.4856,1705126089733.5166,1705126089733.5168,1705126089743.0208,1705126089743.3552,1705126089898.1506,1705126089900.1516,1705126089900.152,[],68,0
fn574_1,1705126089499.9307,1705126089914.8455,1705126089501.0085,1705126089501.2004,1705126089501.2415,1705126089501.2415,1705126089511.487,1705126089511.8152,1705126089911.7844,1705126089914.1448,1705126089914.1455,[],79,0
fn593_1,1705126089895.776,1705126089939.294,1705126089896.6748,1705126089896.9177,1705126089896.9836,1705126089896.984,1705126089933.778,1705126089933.976,1705126089933.9768,1705126089938.5713,1705126089938.572,[],0,0
fn594_1,1705126089896.9275,1705126089997.5657,1705126089897.7432,1705126089897.9678,1705126089898.0059,1705126089898.006,1705126089935.082,1705126089934.7942,1705126089993.1575,1705126089996.4426,1705126089996.4436,[],78,0
fn595_1,1705126089900.7837,1705126090020.625,1705126089901.5405,1705126089901.7485,1705126089901.783,1705126089901.7832,1705126089938.0088,1705126089938.4138,1705126090017.2583,1705126090019.6218,1705126090019.6223,[],30,0
fn598_1,1705126089997.629,1705126090040.1245,1705126089998.9426,1705126089999.2024,1705126089999.2532,1705126089999.2534,1705126090035.2043,1705126090034.991,1705126090035.0405,1705126090039.2607,1705126090039.2612,[],69,0
fn599_1,1705126090020.686,1705126090064.175,1705126090021.932,1705126090022.1545,1705126090022.1943,1705126090022.1946,1705126090038.3367,1705126090041.0286,1705126090060.1611,1705126090063.2007,1705126090063.2014,[],5,0
fn597_1,1705126089939.3333,1705126090072.135,1705126089940.1594,1705126089940.5068,1705126089940.5483,1705126089940.5486,1705126089952.9734,1705126089954.617,1705126090069.074,1705126090071.4612,1705126090071.4617,['requests_toolbelt'],43,0
fn596_1,1705126089914.8884,1705126090073.1392,1705126089915.6824,1705126089916.0369,1705126089916.081,1705126089916.081,1705126089944.4812,1705126089947.3252,1705126090069.8171,1705126090071.9211,1705126090071.9216,['requests_toolbelt'],43,0
fn601_1,1705126090064.2344,1705126090078.8208,1705126090065.4631,1705126090065.7156,1705126090065.7654,1705126090065.7656,1705126090071.7324,1705126090071.9573,1705126090072.4795,1705126090078.097,1705126090078.0974,[],0,0
fn602_1,1705126090072.1782,1705126090087.355,1705126090073.977,1705126090074.193,1705126090074.2378,1705126090074.2378,1705126090081.7285,1705126090081.972,1705126090082.024,1705126090086.661,1705126090086.6614,[],71,0
fn605_1,1705126090087.3901,1705126090097.6428,1705126090088.1797,1705126090088.3872,1705126090088.4265,1705126090088.4268,1705126090093.739,1705126090093.5247,1705126090093.5544,1705126090096.9329,1705126090096.9333,[],30,0
fn600_1,1705126090040.1785,1705126090104.3972,1705126090041.3403,1705126090041.5972,1705126090041.6284,1705126090041.6284,1705126090056.5579,1705126090057.0894,1705126090100.8955,1705126090103.552,1705126090103.5525,[],55,0
fn604_1,1705126090078.8599,1705126090112.0813,1705126090079.8337,1705126090080.0496,1705126090080.0845,1705126090080.0847,1705126090089.8237,1705126090090.9807,1705126090108.8318,1705126090111.3264,1705126090111.327,[],0,0
fn608_1,1705126090112.1304,1705126090151.8103,1705126090113.2917,1705126090113.6213,1705126090113.6602,1705126090113.6604,1705126090121.6677,1705126090122.4875,1705126090147.201,1705126090150.566,1705126090150.5664,[],64,0
fn606_1,1705126090097.6802,1705126090155.0703,1705126090098.5212,1705126090098.8787,1705126090098.9204,1705126090098.9204,1705126090113.7686,1705126090115.0723,1705126090152.163,1705126090154.2754,1705126090154.276,[],55,0
fn603_1,1705126090073.176,1705126090166.1877,1705126090073.9612,1705126090074.191,1705126090074.2212,1705126090074.2217,1705126090084.0903,1705126090083.923,1705126090163.0098,1705126090165.2737,1705126090165.2742,[],67,0
fn609_1,1705126090151.8718,1705126090191.733,1705126090153.1682,1705126090153.4785,1705126090153.543,1705126090153.543,1705126090185.7214,1705126090185.896,1705126090186.3816,1705126090190.7478,1705126090190.7483,[],0,0
fn607_1,1705126090104.4456,1705126090239.4907,1705126090105.5708,1705126090105.9507,1705126090105.991,1705126090105.9912,1705126090119.2803,1705126090120.5354,1705126090236.285,1705126090238.3887,1705126090238.3892,['requests_toolbelt'],43,0
fn592_1,1705126089852.982,1705126090249.2622,1705126089853.8745,1705126089854.1736,1705126089854.2153,1705126089854.2156,1705126089864.5703,1705126089865.051,1705126090245.5461,1705126090248.3608,1705126090248.3616,[],79,0
fn613_1,1705126090239.5562,1705126090293.645,1705126090240.821,1705126090241.0662,1705126090241.112,1705126090241.1123,1705126090284.804,1705126090286.3132,1705126090287.7085,1705126090292.5881,1705126090292.5886,[],68,0
fn610_1,1705126090155.1182,1705126090332.5483,1705126090156.2158,1705126090156.6038,1705126090156.6497,1705126090156.65,1705126090192.8757,1705126090196.4236,1705126090329.6301,1705126090331.6685,1705126090331.6692,['requests_toolbelt'],43,0
fn615_1,1705126090293.7024,1705126090386.3562,1705126090294.9639,1705126090295.2078,1705126090295.2405,1705126090295.2405,1705126090301.0388,1705126090301.7715,1705126090382.3123,1705126090385.3577,1705126090385.3584,[],0,0
fn617_1,1705126090386.4138,1705126090420.6255,1705126090387.6455,1705126090387.9258,1705126090387.9812,1705126090387.9817,1705126090414.6265,1705126090414.5894,1705126090414.6355,1705126090419.5344,1705126090419.535,[],31,0
fn618_1,1705126090420.6895,1705126090437.955,1705126090422.045,1705126090422.3027,1705126090422.3586,1705126090422.359,1705126090430.1807,1705126090430.6475,1705126090430.693,1705126090436.903,1705126090436.9036,[],5,0
fn619_1,1705126090438.0125,1705126090453.339,1705126090439.3008,1705126090439.5483,1705126090439.5918,1705126090439.592,1705126090445.6777,1705126090446.1328,1705126090446.1917,1705126090452.4521,1705126090452.453,[],0,0
fn620_1,1705126090453.3948,1705126090469.107,1705126090454.5776,1705126090454.8262,1705126090454.8682,1705126090454.8687,1705126090460.6926,1705126090461.4165,1705126090462.0635,1705126090468.1619,1705126090468.1626,[],0,0
fn614_1,1705126090249.3286,1705126090476.815,1705126090250.54,1705126090250.81,1705126090250.848,1705126090250.848,1705126090293.706,1705126090294.402,1705126090474.0994,1705126090476.0837,1705126090476.0842,[],68,0
fn616_1,1705126090332.6096,1705126090512.6125,1705126090333.682,1705126090333.9607,1705126090334.0103,1705126090334.0107,1705126090372.304,1705126090373.5093,1705126090508.6602,1705126090511.571,1705126090511.5715,['requests_toolbelt'],43,0
fn612_1,1705126090191.7896,1705126090525.0554,1705126090192.9375,1705126090193.1177,1705126090193.1443,1705126090193.1443,1705126090202.4614,1705126090202.6765,1705126090521.6746,1705126090524.2747,1705126090524.2754,[],79,0
fn623_1,1705126090512.671,1705126090527.158,1705126090513.8909,1705126090514.1497,1705126090514.1987,1705126090514.199,1705126090521.1355,1705126090521.4739,1705126090521.5273,1705126090526.5159,1705126090526.5166,[],71,0
fn625_1,1705126090527.1982,1705126090557.4578,1705126090527.9163,1705126090528.11,1705126090528.1545,1705126090528.1545,1705126090533.633,1705126090533.686,1705126090552.899,1705126090556.5872,1705126090556.5876,[],0,0
fn622_1,1705126090476.8503,1705126090628.3374,1705126090477.6199,1705126090478.017,1705126090478.0586,1705126090478.0588,1705126090493.3457,1705126090494.768,1705126090624.1956,1705126090627.1733,1705126090627.174,['requests_toolbelt'],43,0
fn611_1,1705126090166.246,1705126090642.7131,1705126090167.4358,1705126090167.6372,1705126090167.676,1705126090167.676,1705126090191.1997,1705126090190.9546,1705126090639.108,1705126090641.7483,1705126090641.7488,[],73,0
fn626_1,1705126090557.509,1705126090662.684,1705126090558.3972,1705126090558.6626,1705126090558.7534,1705126090558.754,1705126090594.2856,1705126090594.6729,1705126090659.448,1705126090661.8633,1705126090661.864,[],0,0
fn628_1,1705126090642.8142,1705126090673.5535,1705126090644.089,1705126090644.3374,1705126090644.4158,1705126090644.416,1705126090667.53,1705126090667.4915,1705126090667.7302,1705126090672.828,1705126090672.8281,[],0,0
fn627_1,1705126090628.3958,1705126090678.8416,1705126090629.7788,1705126090630.0945,1705126090630.1685,1705126090630.169,1705126090665.5173,1705126090665.798,1705126090675.0354,1705126090678.018,1705126090678.0186,[],68,0
fn629_1,1705126090662.757,1705126090680.2554,1705126090663.8704,1705126090664.131,1705126090664.1846,1705126090664.1848,1705126090670.642,1705126090671.3003,1705126090675.0134,1705126090678.894,1705126090678.8948,['requests_toolbelt'],2,0
fn632_1,1705126090680.2966,1705126090696.8396,1705126090681.1174,1705126090681.2815,1705126090681.3176,1705126090681.3176,1705126090688.3125,1705126090689.2776,1705126090691.4304,1705126090695.915,1705126090695.9158,[],31,0
fn624_1,1705126090525.1,1705126090715.2146,1705126090525.9644,1705126090526.1965,1705126090526.2336,1705126090526.234,1705126090538.318,1705126090539.6143,1705126090712.5703,1705126090714.4744,1705126090714.4749,[],68,0
fn634_1,1705126090715.2588,1705126090726.9084,1705126090716.088,1705126090716.375,1705126090716.4502,1705126090716.4504,1705126090722.3655,1705126090722.311,1705126090722.5027,1705126090726.1301,1705126090726.1304,[],70,0
fn630_1,1705126090673.5925,1705126090940.3074,1705126090674.4507,1705126090674.7017,1705126090674.7869,1705126090674.7869,1705126090682.8193,1705126090683.0222,1705126090937.4448,1705126090939.4524,1705126090939.453,[],69,0
fn621_1,1705126090469.1562,1705126090955.2883,1705126090470.2852,1705126090470.575,1705126090470.6116,1705126090470.6116,1705126090476.379,1705126090477.188,1705126090951.6052,1705126090954.41,1705126090954.4106,[],0,0
fn636_1,1705126090940.349,1705126090985.1406,1705126090941.251,1705126090941.5247,1705126090941.5808,1705126090941.581,1705126090976.9531,1705126090978.0945,1705126090981.4702,1705126090984.265,1705126090984.2656,[],0,0
fn637_1,1705126090955.3389,1705126091007.4336,1705126090956.379,1705126090956.6384,1705126090956.688,1705126090956.6882,1705126090981.4302,1705126090981.7788,1705126091002.2747,1705126091005.8735,1705126091005.8743,[],0,0
fn631_1,1705126090678.8904,1705126091008.5664,1705126090680.584,1705126090680.7637,1705126090680.7925,1705126090680.7925,1705126090688.1914,1705126090690.4077,1705126091004.0596,1705126091006.0466,1705126091006.047,[],5,0
fn639_1,1705126091007.5002,1705126091021.1733,1705126091009.7253,1705126091009.9644,1705126091010.0176,1705126091010.018,1705126091016.5784,1705126091016.4304,1705126091016.466,1705126091020.2354,1705126091020.2358,[],31,0
fn633_1,1705126090696.8896,1705126091082.1367,1705126090698.0225,1705126090698.3389,1705126090698.3845,1705126090698.385,1705126090709.8657,1705126090711.1738,1705126091078.998,1705126091081.2356,1705126091081.2363,[],79,0
fn642_1,1705126091082.1938,1705126091158.908,1705126091083.19,1705126091083.432,1705126091083.5032,1705126091083.5032,1705126091134.626,1705126091134.687,1705126091153.1113,1705126091157.348,1705126091157.3484,[],30,0
fn641_1,1705126091021.2285,1705126091160.037,1705126091022.4185,1705126091022.8564,1705126091022.9067,1705126091022.907,1705126091038.3582,1705126091039.9055,1705126091155.7566,1705126091157.985,1705126091157.9856,['requests_toolbelt'],43,0
fn640_1,1705126091008.6257,1705126091221.4119,1705126091009.834,1705126091010.051,1705126091010.0786,1705126091010.0786,1705126091022.2844,1705126091023.21,1705126091218.6294,1705126091220.5986,1705126091220.5994,[],68,0
fn645_1,1705126091221.4575,1705126091248.1436,1705126091222.4114,1705126091222.7173,1705126091222.7996,1705126091222.7998,1705126091234.3523,1705126091234.3083,1705126091244.1897,1705126091247.285,1705126091247.2856,[],57,0
fn638_1,1705126090985.1912,1705126091278.4119,1705126090986.1099,1705126090986.329,1705126090986.382,1705126090986.3823,1705126090993.4812,1705126090993.5198,1705126091275.4773,1705126091277.5415,1705126091277.542,[],73,0
fn644_1,1705126091160.0886,1705126091328.11,1705126091161.1777,1705126091161.5398,1705126091161.5862,1705126091161.5864,1705126091203.2583,1705126091205.3809,1705126091325.1272,1705126091327.2717,1705126091327.2725,['requests_toolbelt'],43,0
fn647_1,1705126091278.4573,1705126091331.4387,1705126091279.43,1705126091279.724,1705126091279.7764,1705126091279.7766,1705126091287.5977,1705126091287.8076,1705126091327.9185,1705126091330.6157,1705126091330.6162,[],78,0
fn648_1,1705126091328.1565,1705126091341.5942,1705126091329.0823,1705126091329.3542,1705126091329.4092,1705126091329.4092,1705126091336.935,1705126091336.7297,1705126091336.7715,1705126091340.9001,1705126091340.9006,[],69,0
fn649_1,1705126091331.4766,1705126091364.31,1705126091332.2793,1705126091332.5457,1705126091332.5862,1705126091332.5864,1705126091339.3044,1705126091339.4114,1705126091360.901,1705126091363.5315,1705126091363.532,[],78,0
fn635_1,1705126090726.9517,1705126091391.6064,1705126090727.8003,1705126090728.0098,1705126090728.0413,1705126090728.0413,1705126090735.089,1705126090735.515,1705126091387.709,1705126091390.5347,1705126091390.5352,[],73,0
fn643_1,1705126091158.9724,1705126091400.7603,1705126091161.185,1705126091161.6467,1705126091161.6924,1705126091161.6926,1705126091217.3105,1705126091220.246,1705126091397.9126,1705126091399.9988,1705126091399.999,['requests_toolbelt'],43,0
fn652_1,1705126091391.676,1705126091407.8445,1705126091392.9478,1705126091393.1982,1705126091393.2666,1705126091393.2668,1705126091401.71,1705126091401.6165,1705126091401.6665,1705126091406.991,1705126091406.9917,[],69,0
fn654_1,1705126091407.8945,1705126091424.4036,1705126091408.975,1705126091409.2786,1705126091409.3477,1705126091409.348,1705126091420.082,1705126091417.9841,1705126091419.393,1705126091423.4622,1705126091423.463,[],31,0
fn655_1,1705126091424.4548,1705126091450.2217,1705126091425.5789,1705126091425.7983,1705126091425.8599,1705126091425.86,1705126091431.784,1705126091432.0107,1705126091446.2986,1705126091449.205,1705126091449.206,[],0,0
fn646_1,1705126091248.188,1705126091482.747,1705126091249.1052,1705126091249.4607,1705126091249.5095,1705126091249.51,1705126091255.515,1705126091256.2466,1705126091479.799,1705126091481.8635,1705126091481.864,[],30,0
fn656_1,1705126091450.2805,1705126091484.0857,1705126091451.5095,1705126091451.7583,1705126091451.819,1705126091451.8193,1705126091460.1208,1705126091460.0574,1705126091480.8198,1705126091483.423,1705126091483.4236,[],78,0
fn657_1,1705126091482.8245,1705126091497.2954,1705126091484.1367,1705126091484.3489,1705126091484.8535,1705126091484.8538,1705126091492.497,1705126091491.6926,1705126091491.7283,1705126091496.5151,1705126091496.5156,[],2,0
fn651_1,1705126091364.3525,1705126091507.6272,1705126091365.2844,1705126091365.6216,1705126091365.6606,1705126091365.6606,1705126091381.9153,1705126091383.1377,1705126091504.758,1705126091506.8215,1705126091506.822,['requests_toolbelt'],43,0
fn659_1,1705126091497.342,1705126091523.6995,1705126091498.4275,1705126091498.7107,1705126091498.7708,1705126091498.771,1705126091509.0964,1705126091509.9846,1705126091519.8953,1705126091522.889,1705126091522.8894,[],57,0
fn660_1,1705126091507.6768,1705126091527.0305,1705126091508.7744,1705126091509.0007,1705126091509.0447,1705126091509.0447,1705126091514.479,1705126091514.3613,1705126091523.5056,1705126091526.0527,1705126091526.0532,[],0,0
fn661_1,1705126091523.7395,1705126091583.9692,1705126091524.5466,1705126091524.7896,1705126091524.8193,1705126091524.8193,1705126091540.197,1705126091541.1702,1705126091580.9536,1705126091583.0713,1705126091583.0718,[],55,0
fn663_1,1705126091584.0183,1705126091607.567,1705126091584.971,1705126091585.2126,1705126091585.258,1705126091585.2583,1705126091591.9941,1705126091592.0562,1705126091602.4543,1705126091606.6836,1705126091606.684,[],71,0
fn662_1,1705126091527.063,1705126091700.0708,1705126091527.784,1705126091527.9663,1705126091527.992,1705126091527.9924,1705126091538.2866,1705126091538.6301,1705126091696.8838,1705126091698.9492,1705126091698.9497,[],68,0
fn664_1,1705126091607.6125,1705126091709.4392,1705126091608.5474,1705126091608.754,1705126091608.8157,1705126091608.8157,1705126091615.325,1705126091617.9316,1705126091706.875,1705126091708.7876,1705126091708.788,[],2,0
fn650_1,1705126091341.634,1705126091766.9172,1705126091342.429,1705126091342.6401,1705126091342.6685,1705126091342.6685,1705126091352.412,1705126091352.9304,1705126091763.315,1705126091766.062,1705126091766.0627,[],79,0
fn666_1,1705126091709.4805,1705126091768.0317,1705126091710.302,1705126091710.5864,1705126091710.636,1705126091710.6362,1705126091745.839,1705126091746.6543,1705126091761.3015,1705126091765.4019,1705126091765.4023,[],57,0
fn658_1,1705126091484.1177,1705126091787.5176,1705126091484.8845,1705126091485.0876,1705126091485.121,1705126091485.1213,1705126091492.779,1705126091492.8022,1705126091784.5132,1705126091786.5667,1705126091786.5674,[],73,0
fn665_1,1705126091700.1348,1705126091790.0017,1705126091701.5178,1705126091701.7925,1705126091701.8503,1705126091701.8506,1705126091739.5789,1705126091741.5618,1705126091787.1282,1705126091789.3809,1705126091789.3813,[],5,0
fn667_1,1705126091766.9836,1705126091801.6453,1705126091769.0518,1705126091769.2922,1705126091769.3489,1705126091769.349,1705126091781.2249,1705126091781.994,1705126091796.6375,1705126091800.7268,1705126091800.7275,[],57,0
fn653_1,1705126091400.8042,1705126091808.987,1705126091401.7595,1705126091402.1902,1705126091402.2363,1705126091402.2366,1705126091412.9019,1705126091416.2805,1705126091806.1978,1705126091808.1895,1705126091808.1902,['nbsphinx'],68,0
fn668_1,1705126091768.085,1705126091812.3386,1705126091769.034,1705126091769.3218,1705126091769.3645,1705126091769.3645,1705126091775.3186,1705126091775.3032,1705126091808.9917,1705126091811.5942,1705126091811.5947,[],0,0
fn669_1,1705126091787.572,1705126091818.509,1705126091788.7783,1705126091789.001,1705126091789.033,1705126091789.033,1705126091797.139,1705126091799.0417,1705126091815.5828,1705126091817.8098,1705126091817.8105,[],5,0
fn671_1,1705126091801.6978,1705126091819.7827,1705126091802.8105,1705126091803.0798,1705126091803.1191,1705126091803.1194,1705126091813.63,1705126091814.3972,1705126091814.4448,1705126091819.045,1705126091819.0454,[],75,0
fn675_1,1705126091819.816,1705126091837.8425,1705126091820.5342,1705126091820.7507,1705126091820.7864,1705126091820.7866,1705126091828.0332,1705126091828.8591,1705126091832.8506,1705126091836.7717,1705126091836.7725,[],0,0
fn673_1,1705126091812.3926,1705126091839.389,1705126091813.5034,1705126091813.7573,1705126091813.798,1705126091813.7983,1705126091823.5842,1705126091823.7273,1705126091834.542,1705126091837.6418,1705126091837.642,[],57,0
fn674_1,1705126091818.5645,1705126091863.3428,1705126091820.5427,1705126091820.781,1705126091820.8242,1705126091820.8245,1705126091827.9795,1705126091827.8635,1705126091858.7717,1705126091862.081,1705126091862.0815,[],30,0
fn676_1,1705126091837.9048,1705126091877.5964,1705126091840.2024,1705126091840.4978,1705126091840.5398,1705126091840.54,1705126091848.1482,1705126091848.1826,1705126091873.669,1705126091876.7659,1705126091876.7664,[],69,0
fn679_1,1705126091877.6382,1705126091911.7847,1705126091878.521,1705126091878.839,1705126091878.9094,1705126091878.91,1705126091892.0627,1705126091892.354,1705126091906.529,1705126091910.6155,1705126091910.6165,[],57,0
fn680_1,1705126091911.8484,1705126091929.6907,1705126091913.213,1705126091913.4763,1705126091913.5327,1705126091913.533,1705126091922.2314,1705126091922.4204,1705126091922.4648,1705126091928.5166,1705126091928.5173,[],5,0
fn678_1,1705126091863.4087,1705126091966.4902,1705126091864.705,1705126091865.0168,1705126091865.1057,1705126091865.106,1705126091873.9885,1705126091876.5315,1705126091963.4746,1705126091965.603,1705126091965.6035,[],5,0
fn672_1,1705126091809.0493,1705126091976.7664,1705126091810.1821,1705126091810.552,1705126091810.5906,1705126091810.5908,1705126091828.021,1705126091828.9924,1705126091972.846,1705126091975.7305,1705126091975.7312,['requests_toolbelt'],43,0
fn683_1,1705126091976.8433,1705126091994.3875,1705126091978.058,1705126091978.2957,1705126091978.361,1705126091978.3613,1705126091984.6252,1705126091985.142,1705126091988.9104,1705126091992.862,1705126091992.8625,[],0,0
fn670_1,1705126091790.0388,1705126091995.5684,1705126091790.7896,1705126091791.0588,1705126091791.0952,1705126091791.0955,1705126091801.1875,1705126091801.679,1705126091990.8,1705126091993.401,1705126091993.4014,[],68,0
fn682_1,1705126091966.5366,1705126092003.4248,1705126091967.5022,1705126091967.7686,1705126091967.8428,1705126091967.843,1705126091974.1895,1705126091974.1343,1705126091999.5579,1705126092002.599,1705126092002.5996,[],30,0
fn686_1,1705126092003.4724,1705126092020.125,1705126092004.492,1705126092004.7256,1705126092004.7727,1705126092004.773,1705126092012.3538,1705126092012.4944,1705126092012.5432,1705126092019.038,1705126092019.0386,[],5,0
fn685_1,1705126091995.6284,1705126092029.6714,1705126091996.812,1705126091997.0774,1705126091997.1323,1705126091997.1326,1705126092004.5596,1705126092003.8652,1705126092026.4963,1705126092028.768,1705126092028.7688,[],0,0
fn681_1,1705126091929.7473,1705126092033.3486,1705126091931.0063,1705126091931.3142,1705126091931.3682,1705126091931.3684,1705126091943.3953,1705126091943.8882,1705126092029.8523,1705126092032.587,1705126092032.5872,[],68,0
fn688_1,1705126092029.73,1705126092043.1208,1705126092030.959,1705126092031.163,1705126092031.192,1705126092031.1921,1705126092036.6904,1705126092038.0374,1705126092038.0781,1705126092042.2222,1705126092042.2227,[],69,0
fn690_1,1705126092043.1772,1705126092056.0789,1705126092044.3337,1705126092044.573,1705126092044.611,1705126092044.6113,1705126092050.8665,1705126092050.7788,1705126092051.005,1705126092055.0984,1705126092055.0989,[],69,0
fn684_1,1705126091994.4512,1705126092068.6406,1705126091996.7158,1705126091997.1133,1705126091997.1724,1705126091997.1729,1705126092018.0374,1705126092018.661,1705126092065.3867,1705126092067.6294,1705126092067.63,[],55,0
fn691_1,1705126092056.1377,1705126092070.3164,1705126092057.3381,1705126092057.5376,1705126092057.5698,1705126092057.57,1705126092064.2065,1705126092064.2686,1705126092064.3098,1705126092068.4395,1705126092068.44,[],71,0
fn692_1,1705126092068.6995,1705126092087.2224,1705126092071.188,1705126092071.482,1705126092071.524,1705126092071.5242,1705126092080.9868,1705126092081.3667,1705126092081.415,1705126092086.2444,1705126092086.245,[],30,0
fn693_1,1705126092070.3494,1705126092093.1187,1705126092071.1628,1705126092071.452,1705126092071.5037,1705126092071.5037,1705126092076.4368,1705126092077.5762,1705126092088.7402,1705126092092.2607,1705126092092.2612,[],30,0
fn694_1,1705126092087.2795,1705126092103.505,1705126092088.4873,1705126092088.7305,1705126092088.7708,1705126092088.771,1705126092097.325,1705126092097.5186,1705126092097.568,1705126092102.4915,1705126092102.492,[],5,0
fn695_1,1705126092093.167,1705126092119.747,1705126092094.289,1705126092094.5156,1705126092094.5562,1705126092094.5564,1705126092100.428,1705126092100.6714,1705126092115.0557,1705126092118.6306,1705126092118.631,[],0,0
fn696_1,1705126092103.56,1705126092123.5847,1705126092104.7366,1705126092104.9285,1705126092104.9563,1705126092104.9563,1705126092116.6348,1705126092116.333,1705126092117.3508,1705126092122.3535,1705126092122.3542,[],68,0
fn697_1,1705126092119.808,1705126092150.0095,1705126092121.04,1705126092121.2126,1705126092121.2617,1705126092121.262,1705126092127.8843,1705126092127.5159,1705126092146.2822,1705126092148.9233,1705126092148.924,[],70,0
fn698_1,1705126092123.6401,1705126092156.5193,1705126092124.847,1705126092125.0889,1705126092125.139,1705126092125.1392,1705126092131.1619,1705126092131.4153,1705126092151.7148,1705126092155.696,1705126092155.6965,[],0,0
fn677_1,1705126091839.4248,1705126092163.7,1705126091840.2014,1705126091840.4844,1705126091840.5193,1705126091840.5193,1705126091852.452,1705126091855.9614,1705126092160.9382,1705126092162.9587,1705126092162.959,['nbsphinx'],57,0
fn700_1,1705126092156.5745,1705126092173.6726,1705126092157.6516,1705126092157.8806,1705126092157.923,1705126092157.923,1705126092167.8232,1705126092167.4382,1705126092167.4753,1705126092172.8977,1705126092172.8982,[],5,0
fn702_1,1705126092173.7153,1705126092187.2302,1705126092174.5508,1705126092174.8118,1705126092174.8508,1705126092174.851,1705126092181.5715,1705126092181.6172,1705126092181.6528,1705126092186.3818,1705126092186.3823,[],5,0
fn703_1,1705126092187.2708,1705126092221.0618,1705126092188.1592,1705126092188.42,1705126092188.4648,1705126092188.465,1705126092195.9602,1705126092196.1812,1705126092217.3208,1705126092220.0073,1705126092220.0078,[],78,0
fn699_1,1705126092150.0723,1705126092225.419,1705126092151.3445,1705126092151.588,1705126092151.6252,1705126092151.6252,1705126092169.2595,1705126092169.332,1705126092221.7551,1705126092224.6204,1705126092224.621,[],55,0
fn701_1,1705126092163.759,1705126092226.509,1705126092164.896,1705126092165.1238,1705126092165.164,1705126092165.1643,1705126092172.0898,1705126092171.578,1705126092222.445,1705126092225.3433,1705126092225.3435,['git'],0,0
fn705_1,1705126092225.471,1705126092237.8025,1705126092227.3652,1705126092227.565,1705126092227.5974,1705126092227.5974,1705126092231.7332,1705126092231.7615,1705126092232.2927,1705126092236.9863,1705126092236.9868,[],0,0
fn706_1,1705126092226.5515,1705126092238.895,1705126092227.3574,1705126092227.5505,1705126092227.5881,1705126092227.5884,1705126092233.9622,1705126092233.7546,1705126092233.789,1705126092237.5762,1705126092237.5767,[],30,0
fn689_1,1705126092033.397,1705126092250.3735,1705126092034.463,1705126092034.6194,1705126092034.647,1705126092034.6472,1705126092041.1477,1705126092041.0508,1705126092247.2244,1705126092249.45,1705126092249.4507,[],69,0
fn704_1,1705126092221.12,1705126092251.9639,1705126092222.3926,1705126092222.6372,1705126092222.6877,1705126092222.6877,1705126092228.0266,1705126092229.6672,1705126092246.8367,1705126092250.0525,1705126092250.053,[],0,0
fn707_1,1705126092237.843,1705126092253.1929,1705126092239.7349,1705126092239.994,1705126092240.0496,1705126092240.0498,1705126092246.889,1705126092246.3337,1705126092246.4724,1705126092251.7334,1705126092251.734,[],0,0
fn710_1,1705126092252.0073,1705126092266.4753,1705126092254.1077,1705126092254.2756,1705126092254.304,1705126092254.304,1705126092260.7588,1705126092261.224,1705126092261.2688,1705126092265.6072,1705126092265.6077,[],30,0
fn709_1,1705126092250.43,1705126092269.1765,1705126092253.8218,1705126092253.9934,1705126092254.033,1705126092254.033,1705126092262.0144,1705126092261.991,1705126092262.039,1705126092268.452,1705126092268.4526,[],2,0
fn713_1,1705126092269.22,1705126092284.588,1705126092270.159,1705126092270.302,1705126092270.3406,1705126092270.3406,1705126092276.9668,1705126092276.9312,1705126092277.487,1705126092283.5662,1705126092283.5671,[],0,0
fn711_1,1705126092253.223,1705126092303.552,1705126092254.1545,1705126092254.413,1705126092254.44,1705126092254.44,1705126092265.858,1705126092265.6943,1705126092299.9714,1705126092302.6726,1705126092302.673,[],57,0
fn715_1,1705126092303.5955,1705126092316.8044,1705126092304.487,1705126092304.733,1705126092304.7986,1705126092304.7988,1705126092311.1223,1705126092310.9932,1705126092311.4683,1705126092315.9468,1705126092315.9473,[],0,0
fn708_1,1705126092238.9277,1705126092335.1282,1705126092239.7454,1705126092239.94,1705126092239.9714,1705126092239.9714,1705126092247.162,1705126092246.8286,1705126092331.4578,1705126092334.2532,1705126092334.254,[],71,0
fn712_1,1705126092266.509,1705126092348.685,1705126092267.3293,1705126092267.6055,1705126092267.6445,1705126092267.6448,1705126092276.955,1705126092277.469,1705126092345.325,1705126092347.7131,1705126092347.7136,[],67,0
fn716_1,1705126092316.8462,1705126092393.2258,1705126092317.732,1705126092317.9663,1705126092318.0327,1705126092318.033,1705126092324.2139,1705126092324.7183,1705126092388.9944,1705126092392.1255,1705126092392.1257,[],0,0
fn718_1,1705126092348.7415,1705126092409.8372,1705126092349.981,1705126092350.3423,1705126092350.3948,1705126092350.395,1705126092365.8813,1705126092366.3096,1705126092406.98,1705126092409.0547,1705126092409.0552,[],55,0
fn719_1,1705126092393.2925,1705126092432.63,1705126092394.6792,1705126092394.9587,1705126092395.015,1705126092395.0151,1705126092426.3157,1705126092426.593,1705126092427.0266,1705126092431.849,1705126092431.8494,[],0,0
fn720_1,1705126092409.8787,1705126092436.8867,1705126092410.7966,1705126092411.0718,1705126092411.1265,1705126092411.1265,1705126092429.3638,1705126092429.8416,1705126092429.889,1705126092436.0723,1705126092436.073,[],2,0
fn722_1,1705126092436.9358,1705126092452.0815,1705126092438.059,1705126092438.2822,1705126092438.3171,1705126092438.3174,1705126092444.3845,1705126092444.8972,1705126092444.942,1705126092451.0962,1705126092451.0967,[],5,0
fn687_1,1705126092020.183,1705126092466.2124,1705126092021.4058,1705126092021.6682,1705126092021.7324,1705126092021.7327,1705126092030.8416,1705126092031.5828,1705126092462.4875,1705126092465.325,1705126092465.3257,[],73,0
fn721_1,1705126092432.6738,1705126092469.7217,1705126092433.6104,1705126092433.841,1705126092433.8801,1705126092433.8804,1705126092439.4011,1705126092440.6396,1705126092466.6145,1705126092469.0103,1705126092469.0107,[],5,0
fn724_1,1705126092466.2751,1705126092479.8599,1705126092467.5137,1705126092467.7422,1705126092467.7842,1705126092467.7844,1705126092474.2712,1705126092474.4104,1705126092474.477,1705126092479.1975,1705126092479.198,[],5,0
fn717_1,1705126092335.1711,1705126092481.9104,1705126092336.0525,1705126092336.4788,1705126092336.5344,1705126092336.5347,1705126092354.3328,1705126092355.309,1705126092478.5159,1705126092481.3052,1705126092481.306,['requests_toolbelt'],43,0
fn725_1,1705126092469.7673,1705126092498.247,1705126092470.6755,1705126092470.9104,1705126092470.9404,1705126092470.9407,1705126092481.6016,1705126092481.6357,1705126092493.2598,1705126092497.3923,1705126092497.393,[],57,0
fn728_1,1705126092498.2976,1705126092513.4795,1705126092499.397,1705126092499.634,1705126092499.6702,1705126092499.6702,1705126092505.7034,1705126092505.9988,1705126092506.054,1705126092512.4714,1705126092512.4724,[],0,0
fn723_1,1705126092452.1345,1705126092520.9575,1705126092453.2537,1705126092453.5952,1705126092453.639,1705126092453.6392,1705126092472.1848,1705126092472.4604,1705126092517.6353,1705126092520.289,1705126092520.2898,[],55,0
fn730_1,1705126092520.9954,1705126092540.756,1705126092521.796,1705126092522.0227,1705126092522.0645,1705126092522.0647,1705126092528.2673,1705126092528.3655,1705126092536.1545,1705126092539.719,1705126092539.7197,[],0,0
fn727_1,1705126092481.9424,1705126092577.5632,1705126092482.64,1705126092482.9163,1705126092482.9495,1705126092482.9497,1705126092493.7993,1705126092495.574,1705126092574.2883,1705126092576.601,1705126092576.6016,[],72,0
fn731_1,1705126092540.8142,1705126092589.1138,1705126092542.0146,1705126092542.3137,1705126092542.3604,1705126092542.3608,1705126092549.1265,1705126092549.7234,1705126092584.6667,1705126092588.2314,1705126092588.232,[],30,0
fn733_1,1705126092589.1702,1705126092611.6877,1705126092590.2336,1705126092590.4468,1705126092590.4949,1705126092590.495,1705126092596.3813,1705126092596.3936,1705126092608.1057,1705126092610.8098,1705126092610.8103,[],0,0
fn732_1,1705126092577.62,1705126092622.2349,1705126092578.6572,1705126092578.881,1705126092578.932,1705126092578.933,1705126092584.9307,1705126092585.38,1705126092618.289,1705126092621.3474,1705126092621.348,[],0,0
fn734_1,1705126092611.74,1705126092635.1594,1705126092612.7666,1705126092612.991,1705126092613.0361,1705126092613.0361,1705126092620.2524,1705126092620.0947,1705126092630.2122,1705126092634.2046,1705126092634.2056,[],69,0
fn726_1,1705126092479.891,1705126092637.6492,1705126092480.6162,1705126092480.9824,1705126092481.055,1705126092481.055,1705126092497.5193,1705126092498.1978,1705126092634.2153,1705126092637.0325,1705126092637.033,['requests_toolbelt'],43,0
fn735_1,1705126092622.2903,1705126092638.6506,1705126092623.4963,1705126092623.7246,1705126092623.7778,1705126092623.778,1705126092629.868,1705126092630.5137,1705126092634.8877,1705126092637.921,1705126092637.9214,[],0,0
fn737_1,1705126092637.6804,1705126092657.3997,1705126092639.5376,1705126092639.7705,1705126092639.8074,1705126092639.8079,1705126092650.689,1705126092650.986,1705126092653.1821,1705126092656.5476,1705126092656.548,[],68,0
fn736_1,1705126092635.2139,1705126092691.1514,1705126092636.4673,1705126092636.7188,1705126092636.7588,1705126092636.759,1705126092643.1736,1705126092643.2124,1705126092687.6309,1705126092690.0718,1705126092690.0723,[],31,0
fn714_1,1705126092284.6484,1705126092737.382,1705126092285.9434,1705126092286.2231,1705126092286.2725,1705126092286.2727,1705126092295.8074,1705126092296.472,1705126092734.4187,1705126092736.4963,1705126092736.4968,[],73,0
fn741_1,1705126092737.4343,1705126092751.4304,1705126092738.442,1705126092738.7087,1705126092738.7864,1705126092738.7864,1705126092745.3435,1705126092745.3035,1705126092747.619,1705126092750.5886,1705126092750.589,[],0,0
fn742_1,1705126092751.4746,1705126092766.4531,1705126092752.4268,1705126092752.6892,1705126092752.7356,1705126092752.7358,1705126092758.594,1705126092758.5232,1705126092763.0544,1705126092765.6328,1705126092765.6333,[],0,0
fn743_1,1705126092766.4932,1705126092778.8176,1705126092767.4766,1705126092767.682,1705126092767.7197,1705126092767.7197,1705126092773.4126,1705126092773.3145,1705126092773.3574,1705126092778.0513,1705126092778.0518,[],0,0
fn740_1,1705126092691.211,1705126092832.3726,1705126092692.5217,1705126092692.7988,1705126092692.8513,1705126092692.8516,1705126092741.1333,1705126092742.93,1705126092828.1453,1705126092831.2688,1705126092831.2698,[],0,0
fn729_1,1705126092513.5366,1705126092865.338,1705126092514.8445,1705126092515.1443,1705126092515.1887,1705126092515.189,1705126092526.933,1705126092526.7944,1705126092861.8591,1705126092864.4849,1705126092864.4854,[],79,0
fn738_1,1705126092638.689,1705126092934.5256,1705126092639.4985,1705126092639.693,1705126092639.7236,1705126092639.7239,1705126092647.2778,1705126092647.9722,1705126092931.3914,1705126092933.3447,1705126092933.3455,[],69,0
fn746_1,1705126092865.3887,1705126092936.791,1705126092866.3564,1705126092866.631,1705126092866.6855,1705126092866.6858,1705126092874.3381,1705126092876.4592,1705126092933.7688,1705126092936.1187,1705126092936.1194,[],5,0
fn745_1,1705126092832.4297,1705126092938.979,1705126092833.7673,1705126092834.0496,1705126092834.1062,1705126092834.1064,1705126092854.3208,1705126092854.7031,1705126092935.2825,1705126092938.262,1705126092938.2627,[],0,0
fn744_1,1705126092778.8599,1705126092952.0095,1705126092779.7192,1705126092780.0977,1705126092780.1746,1705126092780.1748,1705126092798.7585,1705126092799.267,1705126092949.3618,1705126092951.423,1705126092951.4236,['requests_toolbelt'],43,0
fn749_1,1705126092939.019,1705126092973.7732,1705126092940.0007,1705126092940.1702,1705126092940.2017,1705126092940.202,1705126092968.9983,1705126092968.9465,1705126092968.989,1705126092973.007,1705126092973.0073,[],71,0
fn750_1,1705126092952.0408,1705126092979.1558,1705126092952.729,1705126092952.9158,1705126092952.947,1705126092952.947,1705126092971.4688,1705126092971.8418,1705126092971.8865,1705126092978.2083,1705126092978.2087,[],5,0
fn747_1,1705126092934.6003,1705126092984.444,1705126092935.926,1705126092936.21,1705126092936.2695,1705126092936.2695,1705126092965.6404,1705126092967.4724,1705126092980.9526,1705126092983.693,1705126092983.6936,[],5,0
fn748_1,1705126092936.8242,1705126092987.144,1705126092937.5847,1705126092937.7468,1705126092937.7837,1705126092937.7842,1705126092967.25,1705126092967.7053,1705126092982.147,1705126092986.55,1705126092986.5505,[],69,0
fn754_1,1705126092987.1755,1705126093003.1277,1705126092987.887,1705126092988.1016,1705126092988.1594,1705126092988.1597,1705126092996.5347,1705126092996.9807,1705126092997.0288,1705126093002.2134,1705126093002.2139,[],64,0
fn753_1,1705126092984.4893,1705126093011.864,1705126092985.6592,1705126092985.8625,1705126092985.8984,1705126092985.8987,1705126092992.0667,1705126092992.0933,1705126093007.2905,1705126093011.0645,1705126093011.0652,[],69,0
fn755_1,1705126093003.1804,1705126093029.645,1705126093004.3699,1705126093004.6504,1705126093004.6938,1705126093004.694,1705126093016.2537,1705126093016.166,1705126093025.8066,1705126093028.7717,1705126093028.7722,[],57,0
fn757_1,1705126093029.7024,1705126093043.5947,1705126093030.9626,1705126093031.1787,1705126093031.2222,1705126093031.2224,1705126093036.955,1705126093037.0818,1705126093039.9712,1705126093042.7847,1705126093042.7852,[],0,0
fn752_1,1705126092979.2036,1705126093063.567,1705126092980.3508,1705126092980.586,1705126092980.6248,1705126092980.6248,1705126092986.8708,1705126092987.0278,1705126093057.8135,1705126093062.7146,1705126093062.715,[],30,0
fn759_1,1705126093063.6084,1705126093081.7556,1705126093064.503,1705126093064.817,1705126093064.8713,1705126093064.8716,1705126093076.1184,1705126093076.2883,1705126093077.2607,1705126093080.9229,1705126093080.9233,[],68,0
fn756_1,1705126093011.912,1705126093082.8635,1705126093012.965,1705126093013.3513,1705126093013.411,1705126093013.4111,1705126093044.746,1705126093031.2993,1705126093079.5005,1705126093081.6365,1705126093081.637,[],55,0
fn761_1,1705126093082.9,1705126093095.4333,1705126093083.7573,1705126093083.9343,1705126093083.9744,1705126093083.9746,1705126093089.5957,1705126093089.5457,1705126093089.7466,1705126093094.5547,1705126093094.5552,[],0,0
fn760_1,1705126093081.7966,1705126093108.2026,1705126093083.6475,1705126093083.9207,1705126093083.9712,1705126093083.9714,1705126093090.9348,1705126093089.7053,1705126093105.0168,1705126093107.4172,1705126093107.4177,[],70,0
fn763_1,1705126093108.2402,1705126093120.727,1705126093109.0457,1705126093109.3188,1705126093109.3713,1705126093109.3718,1705126093115.2676,1705126093115.2124,1705126093115.2546,1705126093119.983,1705126093119.9836,[],0,0
fn758_1,1705126093043.6484,1705126093136.861,1705126093044.856,1705126093045.123,1705126093045.1604,1705126093045.1604,1705126093052.1858,1705126093052.5066,1705126093119.3652,1705126093135.8503,1705126093135.8508,[],78,0
fn765_1,1705126093136.923,1705126093167.606,1705126093138.1943,1705126093138.4624,1705126093138.509,1705126093138.5093,1705126093145.678,1705126093145.6843,1705126093164.1045,1705126093166.6924,1705126093166.693,[],78,0
fn766_1,1705126093167.6533,1705126093179.5742,1705126093168.5662,1705126093168.8225,1705126093168.8765,1705126093168.8767,1705126093175.3547,1705126093175.2324,1705126093175.2683,1705126093178.8005,1705126093178.801,[],31,0
fn767_1,1705126093179.6143,1705126093192.362,1705126093180.4187,1705126093180.59,1705126093180.617,1705126093180.6172,1705126093186.1636,1705126093186.2324,1705126093186.9937,1705126093191.6226,1705126093191.623,[],0,0
fn762_1,1705126093095.4817,1705126093197.432,1705126093096.6416,1705126093096.936,1705126093096.9954,1705126093096.9958,1705126093102.5547,1705126093102.52,1705126093193.1096,1705126093196.5886,1705126093196.589,[],0,0
fn751_1,1705126092973.8152,1705126093218.9268,1705126092974.6367,1705126092974.8757,1705126092974.9128,1705126092974.9128,1705126092985.5586,1705126092985.4226,1705126093215.2656,1705126093217.9224,1705126093217.9233,[],68,0
fn768_1,1705126093192.4,1705126093272.9785,1705126093193.264,1705126093193.5479,1705126093193.595,1705126093193.5952,1705126093200.3745,1705126093200.595,1705126093269.1206,1705126093271.904,1705126093271.9048,[],2,0
fn771_1,1705126093273.0376,1705126093321.8926,1705126093274.266,1705126093274.547,1705126093274.5972,1705126093274.5974,1705126093314.138,1705126093314.315,1705126093314.316,1705126093320.824,1705126093320.8247,[],0,0
fn770_1,1705126093218.9863,1705126093328.691,1705126093220.2327,1705126093220.488,1705126093220.529,1705126093220.5293,1705126093226.994,1705126093227.6636,1705126093324.1208,1705126093327.9368,1705126093327.9375,[],30,0
fn769_1,1705126093197.4834,1705126093339.2278,1705126093198.6143,1705126093199.016,1705126093199.0632,1705126093199.0632,1705126093215.7576,1705126093217.0356,1705126093336.3706,1705126093338.3909,1705126093338.3914,['requests_toolbelt'],43,0
fn772_1,1705126093321.9475,1705126093341.0913,1705126093323.185,1705126093323.4543,1705126093323.5232,1705126093323.5232,1705126093334.6753,1705126093335.6697,1705126093336.6223,1705126093340.2815,1705126093340.2825,[],68,0
fn774_1,1705126093339.2778,1705126093352.3325,1705126093340.4287,1705126093340.682,1705126093340.7234,1705126093340.7236,1705126093345.1543,1705126093346.295,1705126093346.8088,1705126093351.532,1705126093351.5325,[],0,0
fn775_1,1705126093341.1362,1705126093360.0293,1705126093342.1301,1705126093342.4958,1705126093342.5347,1705126093342.5347,1705126093349.3064,1705126093349.594,1705126093355.583,1705126093359.237,1705126093359.2378,[],0,0
fn773_1,1705126093328.7332,1705126093371.6094,1705126093329.6094,1705126093329.8843,1705126093329.9302,1705126093329.9304,1705126093342.1785,1705126093342.4329,1705126093366.8174,1705126093370.7673,1705126093370.7678,[],68,0
fn776_1,1705126093352.3777,1705126093414.9424,1705126093353.4688,1705126093353.745,1705126093353.7847,1705126093353.7847,1705126093362.8555,1705126093363.5344,1705126093411.254,1705126093413.855,1705126093413.8555,[],72,0
fn777_1,1705126093360.075,1705126093421.8933,1705126093361.258,1705126093361.4934,1705126093361.5305,1705126093361.5308,1705126093369.1416,1705126093369.8142,1705126093418.2166,1705126093420.9517,1705126093420.9524,[],69,0
fn739_1,1705126092657.4531,1705126093428.4055,1705126092658.6174,1705126092658.8542,1705126092658.8862,1705126092658.8865,1705126092666.3792,1705126092667.1025,1705126093424.9678,1705126093427.6914,1705126093427.692,[],73,0
fn778_1,1705126093371.6587,1705126093484.514,1705126093372.7302,1705126093373.0403,1705126093373.0786,1705126093373.0789,1705126093383.2493,1705126093384.8093,1705126093481.7083,1705126093483.6555,1705126093483.656,[],75,0
fn781_1,1705126093428.4502,1705126093491.032,1705126093429.311,1705126093429.4915,1705126093429.5212,1705126093429.5212,1705126093478.3745,1705126093478.6975,1705126093486.5571,1705126093490.1592,1705126093490.1602,[],0,0
fn783_1,1705126093491.0813,1705126093507.5989,1705126093492.202,1705126093492.4443,1705126093492.485,1705126093492.4854,1705126093499.1702,1705126093500.9604,1705126093504.019,1705126093506.6362,1705126093506.6367,[],5,0
fn784_1,1705126093507.6511,1705126093520.6147,1705126093508.9216,1705126093509.0925,1705126093509.122,1705126093509.1223,1705126093514.6528,1705126093514.5156,1705126093515.056,1705126093519.659,1705126093519.6594,[],0,0
fn764_1,1705126093120.7627,1705126093532.469,1705126093121.5881,1705126093121.8687,1705126093121.9146,1705126093121.9148,1705126093129.5486,1705126093129.6567,1705126093529.5884,1705126093531.7578,1705126093531.7583,[],73,0
fn779_1,1705126093415.0024,1705126093557.3674,1705126093416.2441,1705126093416.4812,1705126093416.5276,1705126093416.5278,1705126093473.1162,1705126093473.417,1705126093553.0151,1705126093556.306,1705126093556.3064,[],79,0
fn786_1,1705126093532.522,1705126093559.037,1705126093533.4583,1705126093533.6724,1705126093533.7021,1705126093533.7021,1705126093544.8982,1705126093544.9438,1705126093554.8384,1705126093558.282,1705126093558.2827,[],57,0
fn788_1,1705126093559.072,1705126093571.3506,1705126093559.9119,1705126093560.129,1705126093560.1663,1705126093560.1665,1705126093567.029,1705126093566.8975,1705126093566.9316,1705126093570.5586,1705126093570.559,[],30,0
fn787_1,1705126093557.4485,1705126093653.164,1705126093559.1404,1705126093559.4077,1705126093559.7573,1705126093559.7576,1705126093567.1243,1705126093567.9514,1705126093648.8992,1705126093651.9329,1705126093651.9336,[],1,0
fn785_1,1705126093520.671,1705126093668.6187,1705126093521.9668,1705126093522.2295,1705126093522.2778,1705126093522.278,1705126093529.56,1705126093529.5215,1705126093664.8755,1705126093666.9956,1705126093666.996,[],69,0
fn790_1,1705126093653.2246,1705126093689.947,1705126093654.5312,1705126093654.8225,1705126093654.8809,1705126093654.881,1705126093682.276,1705126093682.4458,1705126093682.4473,1705126093689.0178,1705126093689.0188,[],0,0
fn782_1,1705126093484.5632,1705126093825.9944,1705126093485.4617,1705126093485.7463,1705126093485.7913,1705126093485.7913,1705126093496.5708,1705126093498.8206,1705126093822.1995,1705126093824.8394,1705126093824.8403,['nbsphinx'],68,0
fn780_1,1705126093421.9475,1705126093851.5085,1705126093423.1082,1705126093423.317,1705126093423.3564,1705126093423.3567,1705126093475.8923,1705126093475.729,1705126093847.7302,1705126093850.5103,1705126093850.5107,[],73,0
fn792_1,1705126093690.0027,1705126093861.1575,1705126093691.237,1705126093691.5447,1705126093691.5876,1705126093691.588,1705126093701.8977,1705126093702.2947,1705126093858.0864,1705126093860.078,1705126093860.0784,[],68,0
fn791_1,1705126093668.6729,1705126093861.8599,1705126093669.9404,1705126093670.366,1705126093670.4172,1705126093670.4175,1705126093695.195,1705126093699.033,1705126093858.2258,1705126093860.2686,1705126093860.269,['requests_toolbelt'],43,0
fn789_1,1705126093571.396,1705126093877.8228,1705126093572.2124,1705126093572.4285,1705126093572.4585,1705126093572.4585,1705126093583.3005,1705126093583.6233,1705126093874.3557,1705126093877.0098,1705126093877.0105,[],79,0
fn797_1,1705126093877.8884,1705126093892.4463,1705126093878.8384,1705126093879.0693,1705126093879.1145,1705126093879.1145,1705126093886.244,1705126093886.254,1705126093886.3083,1705126093891.5999,1705126093891.6003,[],69,0
fn798_1,1705126093892.4922,1705126093921.9326,1705126093893.3914,1705126093893.605,1705126093893.6406,1705126093893.6409,1705126093899.8066,1705126093899.8599,1705126093917.9763,1705126093921.0522,1705126093921.0527,[],69,0
fn793_1,1705126093826.0554,1705126093932.8105,1705126093827.3455,1705126093827.6262,1705126093827.6777,1705126093827.678,1705126093870.0154,1705126093870.4172,1705126093929.7566,1705126093932.019,1705126093932.0195,[],0,0
fn796_1,1705126093861.8945,1705126093948.2612,1705126093862.6802,1705126093863.0356,1705126093863.0627,1705126093863.063,1705126093884.9524,1705126093886.5046,1705126093944.3503,1705126093947.3474,1705126093947.3481,[],55,0
fn801_1,1705126093948.316,1705126093965.19,1705126093949.4507,1705126093949.6155,1705126093949.659,1705126093949.659,1705126093955.704,1705126093956.2275,1705126093960.1838,1705126093964.1135,1705126093964.1143,[],0,0
fn802_1,1705126093965.2498,1705126093981.328,1705126093966.65,1705126093966.9578,1705126093967.0405,1705126093967.0408,1705126093973.2258,1705126093973.8657,1705126093974.3916,1705126093980.3357,1705126093980.3364,[],0,0
fn799_1,1705126093921.9778,1705126094034.519,1705126093922.9521,1705126093923.2036,1705126093923.261,1705126093923.2612,1705126093933.88,1705126093934.6562,1705126094031.268,1705126094033.6262,1705126094033.6267,[],79,0
fn794_1,1705126093851.5752,1705126094049.1853,1705126093852.8733,1705126093853.3218,1705126093853.3767,1705126093853.377,1705126093884.6863,1705126093885.973,1705126094046.1553,1705126094048.2432,1705126094048.2437,['requests_toolbelt'],43,0
fn804_1,1705126094034.5623,1705126094054.418,1705126094035.5208,1705126094035.809,1705126094035.8674,1705126094035.8677,1705126094043.425,1705126094045.43,1705126094050.5378,1705126094053.5852,1705126094053.586,[],5,0
fn803_1,1705126093981.3826,1705126094056.5288,1705126093982.6091,1705126093982.8792,1705126093982.924,1705126093982.9243,1705126093989.2065,1705126093989.9114,1705126094052.8315,1705126094055.9133,1705126094055.9138,[],0,0
fn806_1,1705126094054.4685,1705126094072.6523,1705126094055.589,1705126094055.857,1705126094055.902,1705126094055.9023,1705126094067.8542,1705126094067.0679,1705126094068.2117,1705126094071.8535,1705126094071.854,[],68,0
fn807_1,1705126094056.5637,1705126094074.1052,1705126094057.333,1705126094057.5583,1705126094057.598,1705126094057.5981,1705126094066.3616,1705126094066.6685,1705126094066.91,1705126094073.3362,1705126094073.337,[],0,0
fn805_1,1705126094049.2534,1705126094113.6475,1705126094050.5264,1705126094050.9036,1705126094050.95,1705126094050.9504,1705126094067.8381,1705126094068.0706,1705126094110.6445,1705126094112.816,1705126094112.8167,[],55,0
fn795_1,1705126093861.1992,1705126094403.8706,1705126093862.719,1705126093862.9958,1705126093863.0413,1705126093863.0415,1705126093878.9155,1705126093879.9578,1705126094400.033,1705126094402.9949,1705126094402.9954,[],57,0
fn811_1,1705126094403.924,1705126094439.892,1705126094404.8691,1705126094405.1316,1705126094405.1853,1705126094405.1855,1705126094434.3364,1705126094433.9907,1705126094434.1553,1705126094439.0315,1705126094439.0322,[],0,0
fn812_1,1705126094439.932,1705126094574.5925,1705126094440.8706,1705126094441.2766,1705126094441.3293,1705126094441.3296,1705126094458.2534,1705126094459.1663,1705126094571.6577,1705126094573.7488,1705126094573.7493,['requests_toolbelt'],43,0
fn800_1,1705126093932.8699,1705126094681.396,1705126093933.8264,1705126093934.224,1705126093934.2698,1705126093934.2703,1705126093945.31,1705126093947.667,1705126094678.2344,1705126094680.3057,1705126094680.3062,['nbsphinx'],68,0
fn808_1,1705126094072.6948,1705126094688.3037,1705126094073.6028,1705126094073.8967,1705126094073.9463,1705126094073.9465,1705126094080.1892,1705126094081.694,1705126094685.6365,1705126094687.6672,1705126094687.668,[],73,0
fn809_1,1705126094074.1382,1705126094699.6226,1705126094074.88,1705126094075.126,1705126094075.164,1705126094075.1643,1705126094085.7612,1705126094086.5042,1705126094695.0813,1705126094698.7546,1705126094698.7554,[],73,0
fn810_1,1705126094113.6892,1705126094716.3625,1705126094114.6028,1705126094114.9207,1705126094114.9744,1705126094114.9746,1705126094122.241,1705126094122.373,1705126094712.848,1705126094715.415,1705126094715.4158,[],73,0
fn814_1,1705126094681.467,1705126094720.7476,1705126094682.7947,1705126094682.9983,1705126094683.0386,1705126094683.0386,1705126094713.855,1705126094713.7947,1705126094714.408,1705126094719.814,1705126094719.8145,[],0,0
fn818_1,1705126094720.8035,1705126094733.6782,1705126094721.934,1705126094722.2205,1705126094722.261,1705126094722.2612,1705126094728.9194,1705126094728.953,1705126094729.125,1705126094732.6042,1705126094732.6047,[],31,0
fn816_1,1705126094699.6785,1705126094743.928,1705126094700.6985,1705126094700.9326,1705126094700.976,1705126094700.9766,1705126094719.1152,1705126094720.2668,1705126094740.1646,1705126094743.1262,1705126094743.127,[],21,0
fn817_1,1705126094716.4229,1705126094749.527,1705126094717.549,1705126094717.7712,1705126094717.817,1705126094717.8171,1705126094725.0447,1705126094725.4558,1705126094743.2102,1705126094748.6077,1705126094748.6086,[],71,0
fn821_1,1705126094749.583,1705126094771.1643,1705126094750.8318,1705126094751.1123,1705126094751.1646,1705126094751.165,1705126094763.8413,1705126094764.167,1705126094765.4993,1705126094770.0671,1705126094770.0679,[],68,0
fn820_1,1705126094743.968,1705126094779.7192,1705126094744.8608,1705126094745.1033,1705126094745.1555,1705126094745.1558,1705126094755.6582,1705126094755.3262,1705126094776.02,1705126094778.8281,1705126094778.8286,[],78,0
fn823_1,1705126094779.7734,1705126094795.8333,1705126094781.0457,1705126094781.2654,1705126094781.3047,1705126094781.305,1705126094787.3694,1705126094787.5154,1705126094788.0667,1705126094794.359,1705126094794.3594,[],0,0
fn822_1,1705126094771.2239,1705126094796.979,1705126094772.466,1705126094772.7292,1705126094772.7822,1705126094772.7825,1705126094779.7979,1705126094779.808,1705126094791.9026,1705126094794.492,1705126094794.4924,[],2,0
fn824_1,1705126094795.897,1705126094832.1465,1705126094797.9053,1705126094798.1768,1705126094798.2334,1705126094798.2336,1705126094804.4343,1705126094804.3123,1705126094828.803,1705126094831.0906,1705126094831.0913,[],0,0
fn819_1,1705126094733.738,1705126094882.0894,1705126094735.0642,1705126094735.499,1705126094735.555,1705126094735.5552,1705126094753.7317,1705126094755.813,1705126094879.1396,1705126094881.1743,1705126094881.175,['requests_toolbelt'],43,0
fn815_1,1705126094688.3447,1705126094896.8904,1705126094689.117,1705126094689.3186,1705126094689.3572,1705126094689.3572,1705126094722.133,1705126094722.5747,1705126094893.8215,1705126094895.7937,1705126094895.7942,[],68,0
fn827_1,1705126094882.1365,1705126094898.5337,1705126094883.1123,1705126094883.329,1705126094883.3716,1705126094883.3718,1705126094891.2078,1705126094892.8787,1705126094893.9326,1705126094896.8486,1705126094896.849,[],5,0
fn829_1,1705126094898.571,1705126094910.2324,1705126094899.3862,1705126094899.613,1705126094899.6575,1705126094899.6577,1705126094905.9827,1705126094905.8694,1705126094905.904,1705126094909.4502,1705126094909.4507,[],30,0
fn828_1,1705126094896.961,1705126094957.741,1705126094899.4548,1705126094899.7324,1705126094899.7693,1705126094899.7695,1705126094917.1401,1705126094917.4426,1705126094954.813,1705126094956.9053,1705126094956.9065,[],55,0
fn830_1,1705126094910.2732,1705126094963.1123,1705126094911.1816,1705126094911.4602,1705126094911.5244,1705126094911.5247,1705126094917.391,1705126094917.7732,1705126094959.9404,1705126094962.423,1705126094962.4236,[],31,0
fn826_1,1705126094832.2043,1705126094973.4724,1705126094833.4597,1705126094833.8645,1705126094833.946,1705126094833.9465,1705126094850.9883,1705126094851.9568,1705126094970.5713,1705126094972.7012,1705126094972.702,['requests_toolbelt'],43,0
fn831_1,1705126094957.782,1705126094986.6792,1705126094958.6877,1705126094959.0222,1705126094959.0828,1705126094959.083,1705126094971.9495,1705126094971.8398,1705126094982.8047,1705126094985.754,1705126094985.7546,[],57,0
fn834_1,1705126094986.7742,1705126095048.0737,1705126094987.6802,1705126094987.9478,1705126094987.986,1705126094987.9863,1705126095005.7222,1705126095005.5916,1705126095045.0488,1705126095047.222,1705126095047.2227,[],55,0
fn835_1,1705126095048.1218,1705126095085.0063,1705126095049.0452,1705126095049.2441,1705126095049.2917,1705126095049.2917,1705126095079.3389,1705126095079.0535,1705126095079.1025,1705126095083.9854,1705126095083.9858,[],69,0
fn832_1,1705126094963.1528,1705126095134.9778,1705126094963.9626,1705126094964.1738,1705126094964.2144,1705126094964.2146,1705126094974.842,1705126094975.1387,1705126095132.1665,1705126095134.1177,1705126095134.1182,[],68,0
fn837_1,1705126095135.0261,1705126095167.1309,1705126095135.9673,1705126095136.2476,1705126095136.3015,1705126095136.3018,1705126095162.879,1705126095162.4395,1705126095162.5981,1705126095166.3196,1705126095166.32,[],69,0
fn833_1,1705126094973.5134,1705126095176.0964,1705126094974.8728,1705126094975.1296,1705126094975.1567,1705126094975.1567,1705126094986.0505,1705126094986.1094,1705126095172.626,1705126095175.2153,1705126095175.2163,[],68,0
fn838_1,1705126095167.1775,1705126095179.1177,1705126095168.0886,1705126095168.2986,1705126095168.3342,1705126095168.3342,1705126095174.1643,1705126095173.898,1705126095173.9316,1705126095178.4866,1705126095178.487,[],1,0
fn840_1,1705126095179.1702,1705126095191.0713,1705126095179.9937,1705126095180.1575,1705126095180.1846,1705126095180.1846,1705126095186.3135,1705126095186.0562,1705126095186.095,1705126095190.3916,1705126095190.3923,[],0,0
fn836_1,1705126095085.0618,1705126095193.6182,1705126095086.3013,1705126095086.5977,1705126095086.6504,1705126095086.6506,1705126095096.4888,1705126095097.3223,1705126095190.5344,1705126095192.8828,1705126095192.8833,[],67,0
fn842_1,1705126095193.662,1705126095207.127,1705126095194.6855,1705126095194.897,1705126095194.9243,1705126095194.9246,1705126095202.2869,1705126095202.0073,1705126095202.0398,1705126095206.2969,1705126095206.2974,[],5,0
fn839_1,1705126095176.155,1705126095235.2744,1705126095177.3853,1705126095177.6685,1705126095177.7083,1705126095177.7085,1705126095184.6309,1705126095188.57,1705126095231.377,1705126095234.3088,1705126095234.3096,[],59,0
fn844_1,1705126095235.3352,1705126095282.5117,1705126095236.5425,1705126095236.7852,1705126095236.8555,1705126095236.8557,1705126095274.094,1705126095274.2634,1705126095277.8892,1705126095281.4397,1705126095281.4402,[],0,0
fn845_1,1705126095282.5698,1705126095297.3044,1705126095283.982,1705126095284.2334,1705126095284.3477,1705126095284.348,1705126095291.423,1705126095291.733,1705126095291.7754,1705126095296.2769,1705126095296.2773,[],30,0
fn846_1,1705126095297.3608,1705126095311.9888,1705126095298.589,1705126095298.854,1705126095298.903,1705126095298.9033,1705126095305.9417,1705126095306.3494,1705126095306.3977,1705126095311.0027,1705126095311.0032,[],30,0
fn841_1,1705126095191.1174,1705126095324.367,1705126095191.9207,1705126095192.1533,1705126095192.1948,1705126095192.195,1705126095198.0361,1705126095197.9216,1705126095321.4087,1705126095323.624,1705126095323.6248,[],30,0
fn847_1,1705126095312.047,1705126095327.3005,1705126095313.2854,1705126095313.5776,1705126095313.628,1705126095313.628,1705126095321.2417,1705126095321.431,1705126095321.6304,1705126095326.456,1705126095326.4568,[],69,0
fn848_1,1705126095324.407,1705126095339.4343,1705126095325.3274,1705126095325.5535,1705126095325.6155,1705126095325.6157,1705126095331.4888,1705126095331.1233,1705126095336.3193,1705126095338.7827,1705126095338.7832,[],0,0
fn843_1,1705126095207.1626,1705126095352.5393,1705126095207.9614,1705126095208.349,1705126095208.4111,1705126095208.4114,1705126095222.846,1705126095224.1782,1705126095348.875,1705126095351.6423,1705126095351.6428,['requests_toolbelt'],43,0
fn850_1,1705126095339.4707,1705126095355.779,1705126095340.2708,1705126095340.5298,1705126095340.5684,1705126095340.5684,1705126095350.394,1705126095350.5256,1705126095351.541,1705126095355.0515,1705126095355.052,[],68,0
fn851_1,1705126095352.594,1705126095365.3513,1705126095353.7805,1705126095354.0059,1705126095354.047,1705126095354.047,1705126095359.8008,1705126095359.6628,1705126095359.7039,1705126095364.7356,1705126095364.736,[],0,0
fn852_1,1705126095355.8145,1705126095369.6802,1705126095356.5464,1705126095356.697,1705126095356.7227,1705126095356.7227,1705126095363.956,1705126095364.0525,1705126095364.1003,1705126095368.9424,1705126095368.943,[],69,0
fn854_1,1705126095369.7231,1705126095384.684,1705126095370.7434,1705126095370.9482,1705126095370.9873,1705126095370.9875,1705126095379.0967,1705126095378.975,1705126095379.0225,1705126095383.78,1705126095383.781,[],69,0
fn849_1,1705126095327.3474,1705126095390.2454,1705126095328.4475,1705126095328.7483,1705126095328.8052,1705126095328.8054,1705126095345.3977,1705126095346.6028,1705126095387.5596,1705126095389.5266,1705126095389.527,[],55,0
fn853_1,1705126095365.3833,1705126095418.1033,1705126095366.13,1705126095366.3877,1705126095366.4338,1705126095366.4343,1705126095376.99,1705126095377.1592,1705126095413.2915,1705126095416.9294,1705126095416.93,[],57,0
fn813_1,1705126094574.6338,1705126095426.2488,1705126094575.5774,1705126094575.9258,1705126094575.9756,1705126094575.9758,1705126094618.7412,1705126094619.4287,1705126095423.1055,1705126095425.1978,1705126095425.1982,[],31,0
fn857_1,1705126095418.167,1705126095432.4607,1705126095419.489,1705126095419.7405,1705126095419.8123,1705126095419.8125,1705126095427.4365,1705126095426.5503,1705126095426.5898,1705126095431.7212,1705126095431.7217,[],0,0
fn858_1,1705126095426.316,1705126095455.044,1705126095427.6838,1705126095427.9368,1705126095427.9783,1705126095427.9785,1705126095435.5762,1705126095437.1958,1705126095451.3132,1705126095454.1887,1705126095454.1892,[],5,0
fn855_1,1705126095384.738,1705126095456.2231,1705126095385.9395,1705126095386.203,1705126095386.2393,1705126095386.2395,1705126095393.1145,1705126095393.2866,1705126095452.2175,1705126095454.815,1705126095454.8154,[],31,0
fn860_1,1705126095455.1008,1705126095477.6853,1705126095457.118,1705126095457.3264,1705126095457.3635,1705126095457.3638,1705126095466.172,1705126095465.7341,1705126095473.4175,1705126095476.719,1705126095476.7195,[],69,0
fn861_1,1705126095456.267,1705126095517.1958,1705126095457.0945,1705126095457.3914,1705126095457.4285,1705126095457.4285,1705126095474.9128,1705126095474.6924,1705126095514.224,1705126095516.3247,1705126095516.3254,[],55,0
fn862_1,1705126095477.7383,1705126095520.9456,1705126095478.948,1705126095479.1873,1705126095479.2266,1705126095479.2268,1705126095485.5613,1705126095485.4219,1705126095517.734,1705126095520.144,1705126095520.1445,['git'],0,0
fn825_1,1705126094797.0205,1705126095524.1887,1705126094797.9546,1705126094798.2407,1705126094798.2986,1705126094798.2988,1705126094805.957,1705126094806.9512,1705126095521.1294,1705126095523.5186,1705126095523.519,[],73,0
fn863_1,1705126095517.2441,1705126095535.996,1705126095518.242,1705126095518.5203,1705126095518.5732,1705126095518.5737,1705126095530.3203,1705126095530.0547,1705126095530.0894,1705126095534.8657,1705126095534.8662,[],5,0
fn864_1,1705126095521.0002,1705126095548.6692,1705126095522.1216,1705126095522.428,1705126095522.473,1705126095522.4731,1705126095535.188,1705126095534.3582,1705126095544.9973,1705126095547.8901,1705126095547.8906,[],57,0
fn865_1,1705126095524.2305,1705126095558.3281,1705126095525.0874,1705126095525.2976,1705126095525.3352,1705126095525.3354,1705126095532.4185,1705126095532.6526,1705126095554.9365,1705126095557.5662,1705126095557.5667,[],78,0
fn856_1,1705126095390.2883,1705126095560.2927,1705126095391.3525,1705126095391.612,1705126095391.671,1705126095391.671,1705126095398.0923,1705126095398.6306,1705126095556.65,1705126095559.465,1705126095559.4658,['blackd'],0,0
fn867_1,1705126095548.7097,1705126095572.9258,1705126095549.5781,1705126095549.8494,1705126095549.894,1705126095549.8943,1705126095556.8188,1705126095556.7102,1705126095569.68,1705126095572.1685,1705126095572.169,[],5,0
fn868_1,1705126095558.3713,1705126095586.7751,1705126095559.3137,1705126095559.489,1705126095559.5188,1705126095559.519,1705126095566.218,1705126095566.6843,1705126095582.4536,1705126095585.4504,1705126095585.4514,[],31,0
fn870_1,1705126095572.9705,1705126095589.8782,1705126095573.8413,1705126095574.033,1705126095574.0642,1705126095574.0642,1705126095585.8928,1705126095585.217,1705126095585.4158,1705126095589.119,1705126095589.1194,[],68,0
fn869_1,1705126095560.3542,1705126095594.2427,1705126095561.4248,1705126095561.595,1705126095561.6243,1705126095561.6245,1705126095569.0955,1705126095568.8608,1705126095590.8662,1705126095593.4666,1705126095593.4673,[],78,0
fn871_1,1705126095586.8337,1705126095600.3726,1705126095588.0298,1705126095588.2244,1705126095588.2551,1705126095588.2551,1705126095594.2732,1705126095594.233,1705126095594.2812,1705126095599.594,1705126095599.5947,[],2,0
fn874_1,1705126095600.4143,1705126095619.5798,1705126095601.4353,1705126095601.6863,1705126095601.728,1705126095601.7283,1705126095613.2852,1705126095613.8323,1705126095613.8972,1705126095618.481,1705126095618.4817,[],79,0
fn866_1,1705126095536.0623,1705126095634.6116,1705126095537.2786,1705126095537.5615,1705126095537.6028,1705126095537.603,1705126095546.9722,1705126095547.3577,1705126095631.3577,1705126095633.6157,1705126095633.6162,[],67,0
fn872_1,1705126095589.9248,1705126095660.9204,1705126095591.0063,1705126095591.3076,1705126095591.3464,1705126095591.3467,1705126095608.5964,1705126095608.6985,1705126095656.987,1705126095659.8474,1705126095659.8481,[],55,0
fn859_1,1705126095432.5012,1705126095664.3132,1705126095433.3381,1705126095433.633,1705126095433.6777,1705126095433.678,1705126095445.5461,1705126095446.4639,1705126095661.6567,1705126095663.5303,1705126095663.5308,[],68,0
fn877_1,1705126095660.9822,1705126095673.6448,1705126095662.2876,1705126095662.543,1705126095662.5952,1705126095662.5957,1705126095668.6223,1705126095668.513,1705126095668.5637,1705126095672.9534,1705126095672.9539,[],0,0
fn879_1,1705126095673.6824,1705126095688.5464,1705126095674.4836,1705126095674.7244,1705126095674.7898,1705126095674.7898,1705126095682.5698,1705126095682.916,1705126095682.9617,1705126095687.499,1705126095687.4995,[],31,0
fn880_1,1705126095688.6077,1705126095704.2983,1705126095689.8684,1705126095690.1257,1705126095690.1697,1705126095690.17,1705126095697.9636,1705126095698.1252,1705126095698.345,1705126095703.2947,1705126095703.2954,[],69,0
fn878_1,1705126095664.3743,1705126095724.8047,1705126095665.511,1705126095665.835,1705126095665.882,1705126095665.8826,1705126095683.9277,1705126095684.046,1705126095721.872,1705126095723.7957,1705126095723.7961,[],55,0
fn881_1,1705126095704.36,1705126095737.1543,1705126095705.659,1705126095705.9463,1705126095706.0027,1705126095706.003,1705126095712.5156,1705126095712.7026,1705126095732.834,1705126095736.1992,1705126095736.1997,[],0,0
fn875_1,1705126095619.6387,1705126095740.1018,1705126095620.966,1705126095621.268,1705126095621.3154,1705126095621.3157,1705126095629.3665,1705126095632.4453,1705126095737.3489,1705126095739.4756,1705126095739.476,['git'],5,0
fn876_1,1705126095634.6733,1705126095808.0671,1705126095635.963,1705126095636.195,1705126095636.235,1705126095636.235,1705126095647.2874,1705126095647.3958,1705126095805.251,1705126095807.2285,1705126095807.229,[],68,0
fn873_1,1705126095594.2917,1705126096252.8218,1705126095595.3477,1705126095595.6309,1705126095595.6628,1705126095595.663,1705126095606.8005,1705126095609.0623,1705126096249.9314,1705126096251.9949,1705126096251.9954,['nbsphinx'],68,0
