invoke_id,req,received,start_pullHandler,end_pullHandler,start_create,unpause,end_create,start_import,end_import,start_execute,end_execute,failed,split_generation,zygote_miss
fn1_1,1705121040845.2861,1705121040893.0332,1705121040848.3108,1705121040848.5227,1705121040849.4275,1705121040849.4275,1705121040884.6174,1705121040886.2676,1705121040887.013,1705121040892.1548,1705121040892.1553,[],0,0
fn2_1,1705121040846.1038,1705121040894.3982,1705121040849.441,1705121040849.6873,1705121040854.4626,1705121040854.463,1705121040889.4182,1705121040889.217,1705121040889.2617,1705121040893.0364,1705121040893.0369,[],59,0
fn5_1,1705121040848.74,1705121040896.4932,1705121040854.5818,1705121040854.8,1705121040854.828,1705121040854.828,1705121040889.177,1705121040889.206,1705121040889.7864,1705121040895.7175,1705121040895.718,[],0,0
fn7_1,1705121040894.4434,1705121040907.3145,1705121040895.5818,1705121040895.8318,1705121040895.866,1705121040895.8662,1705121040900.3132,1705121040901.5332,1705121040901.5698,1705121040906.296,1705121040906.2966,[],0,0
fn3_1,1705121040846.8806,1705121040939.1528,1705121040849.3596,1705121040850.035,1705121040854.482,1705121040854.4822,1705121040894.6565,1705121040896.4446,1705121040935.3938,1705121040938.0938,1705121040938.0945,['requests_toolbelt'],70,0
fn8_1,1705121040896.5342,1705121040948.5159,1705121040897.482,1705121040897.8157,1705121040897.842,1705121040897.8423,1705121040908.7273,1705121040909.6216,1705121040944.8496,1705121040947.648,1705121040947.6484,['requests_toolbelt'],70,0
fn6_1,1705121040893.0903,1705121040954.881,1705121040895.5461,1705121040895.8462,1705121040895.89,1705121040895.8901,1705121040904.3303,1705121040904.7334,1705121040952.1748,1705121040954.2002,1705121040954.2007,[],0,0
fn4_1,1705121040847.4868,1705121040993.6096,1705121040849.4526,1705121040849.8464,1705121040854.5522,1705121040854.5525,1705121040890.7156,1705121040890.8103,1705121040974.4949,1705121040992.1965,1705121040992.1973,[],73,0
fn12_1,1705121040954.9238,1705121041009.4595,1705121040955.7249,1705121040956.114,1705121040956.1702,1705121040956.1704,1705121040966.4656,1705121040968.2124,1705121041005.7546,1705121041008.5415,1705121041008.5425,['requests_toolbelt'],70,0
fn11_1,1705121040948.5642,1705121041023.0671,1705121040949.713,1705121040950.0427,1705121040950.0815,1705121040950.0818,1705121040956.0105,1705121040956.6653,1705121041019.428,1705121041022.0637,1705121041022.0645,[],73,0
fn14_1,1705121041009.516,1705121041039.928,1705121041010.7415,1705121041011.05,1705121041011.0886,1705121041011.0889,1705121041025.9373,1705121041025.8472,1705121041036.4197,1705121041039.1729,1705121041039.1733,[],44,0
fn13_1,1705121040993.6768,1705121041042.5532,1705121040994.9988,1705121040995.2576,1705121040995.3105,1705121040995.311,1705121041022.3655,1705121041022.3923,1705121041039.2344,1705121041041.9473,1705121041041.9478,[],21,0
fn17_1,1705121041042.5825,1705121041056.4194,1705121041043.38,1705121041043.6267,1705121041043.6624,1705121041043.6626,1705121041048.8918,1705121041048.6504,1705121041053.0356,1705121041055.579,1705121041055.5796,[],0,0
fn15_1,1705121041023.118,1705121041079.3018,1705121041024.317,1705121041024.5935,1705121041024.6335,1705121041024.6338,1705121041030.2598,1705121041030.7205,1705121041075.0808,1705121041078.286,1705121041078.2866,[],58,0
fn16_1,1705121041039.9697,1705121041093.6377,1705121041040.8208,1705121041041.0842,1705121041041.112,1705121041041.112,1705121041051.435,1705121041052.8357,1705121041090.1606,1705121041092.8674,1705121041092.868,['requests_toolbelt'],70,0
fn19_1,1705121041079.3545,1705121041094.6812,1705121041080.5664,1705121041080.808,1705121041080.8547,1705121041080.855,1705121041086.9292,1705121041087.2495,1705121041087.6824,1705121041093.518,1705121041093.5186,[],0,0
fn21_1,1705121041094.7104,1705121041109.0557,1705121041095.542,1705121041095.8362,1705121041095.8787,1705121041095.879,1705121041101.5388,1705121041102.2512,1705121041102.2993,1705121041108.1895,1705121041108.1902,[],0,0
fn20_1,1705121041093.6807,1705121041114.1345,1705121041095.5535,1705121041095.8716,1705121041095.915,1705121041095.9153,1705121041101.5442,1705121041102.326,1705121041109.095,1705121041113.262,1705121041113.2627,[],14,0
fn22_1,1705121041109.1091,1705121041124.092,1705121041110.1316,1705121041110.3914,1705121041110.438,1705121041110.4382,1705121041116.4817,1705121041117.0752,1705121041117.1257,1705121041123.167,1705121041123.1677,[],0,0
fn23_1,1705121041114.1816,1705121041127.2896,1705121041115.2927,1705121041115.4714,1705121041115.5085,1705121041115.5085,1705121041121.485,1705121041121.3674,1705121041123.513,1705121041126.6367,1705121041126.6372,[],0,0
fn18_1,1705121041056.469,1705121041134.4778,1705121041057.6233,1705121041057.8247,1705121041057.851,1705121041057.8513,1705121041064.2356,1705121041064.5413,1705121041131.0186,1705121041133.5964,1705121041133.5972,[],73,0
fn26_1,1705121041134.5237,1705121041171.1072,1705121041135.6108,1705121041135.8184,1705121041135.8552,1705121041135.8552,1705121041141.6077,1705121041141.8323,1705121041166.9883,1705121041169.8672,1705121041169.8677,[],0,0
fn25_1,1705121041127.3262,1705121041184.372,1705121041128.305,1705121041129.2693,1705121041129.5208,1705121041129.521,1705121041138.5415,1705121041138.811,1705121041162.8733,1705121041167.9922,1705121041167.9927,[],69,0
fn27_1,1705121041171.1675,1705121041186.5437,1705121041172.452,1705121041172.7866,1705121041172.8376,1705121041172.8381,1705121041179.599,1705121041180.9224,1705121041181.201,1705121041185.7268,1705121041185.7275,[],14,0
fn28_1,1705121041184.4294,1705121041197.1882,1705121041185.6394,1705121041185.848,1705121041185.8918,1705121041185.892,1705121041190.7908,1705121041192.0146,1705121041192.0508,1705121041196.533,1705121041196.5334,[],0,0
fn10_1,1705121040939.22,1705121041200.304,1705121040940.5784,1705121040940.8726,1705121040940.926,1705121040940.9263,1705121040947.9067,1705121040947.5308,1705121041197.564,1705121041199.646,1705121041199.6465,[],29,0
fn29_1,1705121041186.5874,1705121041202.2083,1705121041187.5857,1705121041187.7864,1705121041187.8135,1705121041187.8135,1705121041194.785,1705121041195.0125,1705121041195.6025,1705121041201.2012,1705121041201.2017,[],0,0
fn31_1,1705121041200.3428,1705121041222.8672,1705121041201.234,1705121041201.4617,1705121041201.5166,1705121041201.5166,1705121041206.7622,1705121041206.6785,1705121041219.5342,1705121041221.993,1705121041221.9934,[],0,0
fn9_1,1705121040907.3708,1705121041237.4812,1705121040908.589,1705121040909.0872,1705121040909.1265,1705121040909.1267,1705121040916.8694,1705121040918.7615,1705121041234.0825,1705121041236.658,1705121041236.6587,[],12,0
fn34_1,1705121041237.5315,1705121041253.7366,1705121041238.3948,1705121041238.6199,1705121041238.655,1705121041238.6553,1705121041244.3113,1705121041244.1768,1705121041250.451,1705121041252.903,1705121041252.9036,[],0,0
fn24_1,1705121041124.144,1705121041256.4563,1705121041125.3489,1705121041125.75,1705121041125.7866,1705121041125.7869,1705121041133.9182,1705121041133.9421,1705121041252.873,1705121041255.7761,1705121041255.7769,['blackd'],14,0
fn30_1,1705121041197.224,1705121041266.03,1705121041198.04,1705121041198.3347,1705121041198.3733,1705121041198.3735,1705121041204.9456,1705121041204.9927,1705121041262.1729,1705121041265.1475,1705121041265.148,[],2,0
fn36_1,1705121041256.5042,1705121041271.1433,1705121041257.4343,1705121041257.6572,1705121041257.7012,1705121041257.7012,1705121041265.562,1705121041265.5066,1705121041265.5618,1705121041270.2996,1705121041270.3003,[],1,0
fn37_1,1705121041266.0984,1705121041281.618,1705121041267.2898,1705121041267.5166,1705121041267.5566,1705121041267.557,1705121041275.2378,1705121041274.8066,1705121041274.896,1705121041280.5933,1705121041280.5938,[],66,0
fn38_1,1705121041271.1917,1705121041284.558,1705121041272.2793,1705121041272.5283,1705121041272.5664,1705121041272.567,1705121041277.9697,1705121041278.1091,1705121041280.894,1705121041283.7908,1705121041283.7913,[],0,0
fn35_1,1705121041253.781,1705121041288.1536,1705121041254.6963,1705121041254.9272,1705121041254.9695,1705121041254.97,1705121041262.3506,1705121041262.3943,1705121041284.6204,1705121041287.4102,1705121041287.4106,[],73,0
fn40_1,1705121041284.6006,1705121041298.7644,1705121041285.588,1705121041285.8433,1705121041285.906,1705121041285.9065,1705121041292.5298,1705121041293.4592,1705121041294.674,1705121041298.0862,1705121041298.0867,[],44,0
fn39_1,1705121041281.6736,1705121041308.6797,1705121041282.8953,1705121041283.1345,1705121041283.1816,1705121041283.182,1705121041289.1538,1705121041288.91,1705121041305.3892,1705121041307.8152,1705121041307.816,[],21,0
fn33_1,1705121041222.9087,1705121041352.84,1705121041223.8525,1705121041224.084,1705121041224.1277,1705121041224.128,1705121041230.773,1705121041230.8208,1705121041349.9382,1705121041351.932,1705121041351.9326,[],73,0
fn41_1,1705121041288.1938,1705121041360.1646,1705121041289.2715,1705121041289.656,1705121041289.6975,1705121041289.6975,1705121041300.9011,1705121041303.9092,1705121041355.7559,1705121041359.4353,1705121041359.436,['requests_toolbelt'],70,0
fn43_1,1705121041308.7327,1705121041367.6145,1705121041309.8606,1705121041310.231,1705121041312.5334,1705121041312.534,1705121041323.5945,1705121041325.4004,1705121041363.552,1705121041366.4504,1705121041366.451,['requests_toolbelt'],70,0
fn42_1,1705121041298.8003,1705121041368.604,1705121041299.7175,1705121041300.0977,1705121041300.137,1705121041300.1372,1705121041312.672,1705121041312.409,1705121041363.5962,1705121041366.6987,1705121041366.6992,['requests_toolbelt'],70,0
fn46_1,1705121041367.664,1705121041399.9558,1705121041369.3855,1705121041369.5813,1705121041369.6172,1705121041369.6174,1705121041393.6016,1705121041393.91,1705121041393.9658,1705121041399.1047,1705121041399.1052,[],1,0
fn47_1,1705121041368.6365,1705121041432.2793,1705121041369.407,1705121041369.6738,1705121041369.7156,1705121041369.7158,1705121041394.804,1705121041396.1387,1705121041413.7627,1705121041417.5586,1705121041417.5593,[],69,0
fn44_1,1705121041352.891,1705121041453.2903,1705121041353.8022,1705121041354.026,1705121041354.066,1705121041354.0662,1705121041390.3599,1705121041391.2676,1705121041449.8936,1705121041452.198,1705121041452.1992,[],2,0
fn49_1,1705121041432.3281,1705121041455.3008,1705121041433.2388,1705121041433.4565,1705121041433.5,1705121041433.5002,1705121041440.4587,1705121041441.0269,1705121041451.102,1705121041454.4407,1705121041454.4414,[],44,0
fn50_1,1705121041453.3528,1705121041466.1323,1705121041454.6094,1705121041454.8806,1705121041454.934,1705121041454.934,1705121041460.9497,1705121041460.8008,1705121041460.9812,1705121041465.429,1705121041465.4294,[],0,0
fn45_1,1705121041360.2014,1705121041467.356,1705121041361.1355,1705121041361.3777,1705121041361.4326,1705121041361.4329,1705121041392.7458,1705121041393.1472,1705121041463.7349,1705121041466.6838,1705121041466.6843,[],77,0
fn32_1,1705121041202.246,1705121041486.2756,1705121041203.3296,1705121041203.6067,1705121041203.6438,1705121041203.644,1705121041211.2717,1705121041213.2517,1705121041483.3718,1705121041485.3167,1705121041485.3174,[],46,0
fn52_1,1705121041466.1707,1705121041518.9795,1705121041467.0889,1705121041467.4812,1705121041467.5254,1705121041467.5254,1705121041478.8496,1705121041479.5122,1705121041515.4636,1705121041518.1355,1705121041518.1357,['requests_toolbelt'],70,0
fn51_1,1705121041455.3354,1705121041527.6555,1705121041456.042,1705121041456.3276,1705121041456.362,1705121041456.362,1705121041467.59,1705121041469.5527,1705121041522.8599,1705121041526.708,1705121041526.7087,['requests_toolbelt'],70,0
fn54_1,1705121041486.3438,1705121041536.4475,1705121041487.622,1705121041487.8293,1705121041487.862,1705121041487.862,1705121041494.673,1705121041494.7202,1705121041532.5496,1705121041535.0857,1705121041535.0864,[],73,0
fn55_1,1705121041519.0237,1705121041543.7188,1705121041520.0056,1705121041520.3274,1705121041520.3792,1705121041520.3794,1705121041526.912,1705121041527.6487,1705121041539.9658,1705121041542.8943,1705121041542.8948,[],44,0
fn57_1,1705121041536.499,1705121041581.7686,1705121041537.5771,1705121041537.9033,1705121041537.9465,1705121041537.947,1705121041546.9448,1705121041548.1077,1705121041563.8699,1705121041567.4795,1705121041567.4797,[],69,0
fn56_1,1705121041527.7102,1705121041583.6523,1705121041528.911,1705121041529.256,1705121041529.2954,1705121041529.2957,1705121041539.0586,1705121041539.9165,1705121041560.722,1705121041565.6755,1705121041565.6763,[],69,0
fn58_1,1705121041543.7742,1705121041687.1091,1705121041544.9749,1705121041545.2607,1705121041545.305,1705121041545.3052,1705121041551.2134,1705121041552.772,1705121041684.4248,1705121041686.2188,1705121041686.2192,['blackd'],14,0
fn61_1,1705121041687.1555,1705121041732.9412,1705121041688.0933,1705121041688.344,1705121041688.4104,1705121041688.4106,1705121041727.274,1705121041727.027,1705121041727.076,1705121041731.9165,1705121041731.9172,[],29,0
fn53_1,1705121041467.3872,1705121041753.7058,1705121041468.151,1705121041468.3425,1705121041468.3694,1705121041468.3696,1705121041476.1943,1705121041477.8008,1705121041750.9543,1705121041752.902,1705121041752.9028,[],46,0
fn48_1,1705121041400,1705121042012.8696,1705121041400.9026,1705121041401.2314,1705121041401.2703,1705121041401.2705,1705121041408.6963,1705121041408.78,1705121042009.4768,1705121042011.9583,1705121042011.9587,[],52,0
fn64_1,1705121042012.926,1705121042083.1768,1705121042013.9363,1705121042014.2349,1705121042014.2822,1705121042014.2822,1705121042037.9878,1705121042038.3984,1705121042079.4934,1705121042082.0889,1705121042082.0894,[],14,0
fn59_1,1705121041581.824,1705121042112.106,1705121041583.0547,1705121041583.3208,1705121041583.3743,1705121041583.3743,1705121041618.8445,1705121041618.8872,1705121042108.3047,1705121042111.0857,1705121042111.0864,[],12,0
fn66_1,1705121042112.1765,1705121042127.98,1705121042113.4211,1705121042113.6604,1705121042113.6985,1705121042113.6987,1705121042121.8376,1705121042122.2476,1705121042122.4824,1705121042127.1206,1705121042127.121,[],74,0
fn60_1,1705121041583.6858,1705121042194.0913,1705121041584.4426,1705121041584.7285,1705121041584.7664,1705121041584.7666,1705121041619.026,1705121041619.6543,1705121042191.3499,1705121042193.2275,1705121042193.228,[],52,0
fn65_1,1705121042083.2358,1705121042224.628,1705121042084.4695,1705121042084.6807,1705121042084.721,1705121042084.721,1705121042118.2961,1705121042118.9045,1705121042221.5657,1705121042223.7705,1705121042223.7712,[],1,0
fn63_1,1705121041753.7483,1705121042231.2844,1705121041754.6758,1705121041755.5745,1705121041755.6064,1705121041755.6067,1705121041761.782,1705121041765.2063,1705121042228.655,1705121042230.5845,1705121042230.585,['nbsphinx'],68,0
fn68_1,1705121042194.1455,1705121042238.715,1705121042195.2073,1705121042195.4902,1705121042195.5496,1705121042195.5498,1705121042234.2197,1705121042234.3809,1705121042234.4233,1705121042237.9192,1705121042237.9197,[],59,0
fn71_1,1705121042238.7827,1705121042252.672,1705121042239.8857,1705121042240.1,1705121042240.142,1705121042240.1426,1705121042245.8564,1705121042245.9565,1705121042245.957,1705121042251.817,1705121042251.8174,[],0,0
fn72_1,1705121042252.72,1705121042290.9329,1705121042253.8518,1705121042254.0996,1705121042254.141,1705121042254.141,1705121042259.9043,1705121042260.4297,1705121042286.7864,1705121042289.7659,1705121042289.7666,[],0,0
fn67_1,1705121042128.0295,1705121042292.5408,1705121042129.096,1705121042129.4062,1705121042129.445,1705121042129.4453,1705121042135.7212,1705121042136.2568,1705121042288.455,1705121042291.3079,1705121042291.3086,[],44,0
fn74_1,1705121042292.5896,1705121042327.349,1705121042293.7053,1705121042293.9573,1705121042294.0017,1705121042294.002,1705121042322.3044,1705121042321.9827,1705121042322.051,1705121042326.5256,1705121042326.5261,[],0,0
fn75_1,1705121042327.3938,1705121042380.4187,1705121042328.305,1705121042328.6553,1705121042328.6975,1705121042328.6978,1705121042341.168,1705121042342.5913,1705121042376.8196,1705121042379.528,1705121042379.5286,['requests_toolbelt'],70,0
fn73_1,1705121042290.9907,1705121042403.2773,1705121042293.5754,1705121042293.8225,1705121042293.8828,1705121042293.883,1705121042322.289,1705121042323.2864,1705121042399.1267,1705121042402.3496,1705121042402.3503,[],19,0
fn77_1,1705121042403.3286,1705121042425.4172,1705121042404.4885,1705121042404.707,1705121042404.7568,1705121042404.7568,1705121042416.9683,1705121042417.2747,1705121042420.8948,1705121042424.5156,1705121042424.5164,[],0,0
fn78_1,1705121042425.468,1705121042437.8862,1705121042426.6338,1705121042426.881,1705121042426.9119,1705121042426.912,1705121042433.5725,1705121042433.4214,1705121042433.4636,1705121042437.056,1705121042437.0564,[],74,0
fn76_1,1705121042380.4727,1705121042481.2295,1705121042381.445,1705121042381.7563,1705121042381.8018,1705121042381.8018,1705121042426.5608,1705121042421.105,1705121042476.1584,1705121042480.1248,1705121042480.1255,['requests_toolbelt'],70,0
fn80_1,1705121042481.2896,1705121042497.518,1705121042482.5186,1705121042482.8103,1705121042482.8677,1705121042482.868,1705121042489.4065,1705121042490.1853,1705121042490.4324,1705121042496.4954,1705121042496.4958,[],0,0
fn81_1,1705121042497.5776,1705121042513.0835,1705121042498.8193,1705121042499.064,1705121042499.1128,1705121042499.113,1705121042505.2058,1705121042505.7505,1705121042506.285,1705121042512.092,1705121042512.0928,[],0,0
fn62_1,1705121041732.9958,1705121042536.5427,1705121041734.2139,1705121041734.5037,1705121041734.5518,1705121041734.552,1705121041742.3557,1705121041743.5647,1705121042533.7964,1705121042535.7056,1705121042535.706,[],12,0
fn70_1,1705121042231.3213,1705121042554.3867,1705121042232.116,1705121042232.4443,1705121042232.4873,1705121042232.488,1705121042241.453,1705121042241.5723,1705121042551.6245,1705121042553.607,1705121042553.6074,[],46,0
fn83_1,1705121042536.596,1705121042590.145,1705121042537.606,1705121042538.0376,1705121042538.0918,1705121042538.092,1705121042550.2622,1705121042551.608,1705121042586.5803,1705121042589.2578,1705121042589.2583,['requests_toolbelt'],70,0
fn85_1,1705121042590.2126,1705121042602.2397,1705121042591.1997,1705121042591.4287,1705121042591.4668,1705121042591.4668,1705121042597.176,1705121042597.0366,1705121042597.0374,1705121042601.476,1705121042601.4766,[],0,0
fn84_1,1705121042554.431,1705121042604.4343,1705121042555.3796,1705121042555.773,1705121042555.8218,1705121042555.822,1705121042565.1978,1705121042566.5732,1705121042601.1104,1705121042603.8557,1705121042603.8562,['requests_toolbelt'],70,0
fn87_1,1705121042604.464,1705121042615.9807,1705121042605.218,1705121042605.4424,1705121042605.4785,1705121042605.4785,1705121042611.428,1705121042611.5789,1705121042611.757,1705121042615.297,1705121042615.2976,[],74,0
fn79_1,1705121042437.934,1705121042622.869,1705121042439.0728,1705121042439.303,1705121042439.329,1705121042439.3293,1705121042445.2922,1705121042445.9214,1705121042619.5369,1705121042622.161,1705121042622.1614,[],68,0
fn88_1,1705121042616.019,1705121042625.9004,1705121042616.7463,1705121042616.94,1705121042616.9678,1705121042616.9678,1705121042622.4644,1705121042621.6833,1705121042621.7297,1705121042625.2476,1705121042625.2483,[],21,0
fn89_1,1705121042622.9036,1705121042635.08,1705121042623.796,1705121042623.968,1705121042623.9944,1705121042623.9946,1705121042630.8997,1705121042630.5674,1705121042630.6035,1705121042634.4438,1705121042634.4443,[],1,0
fn90_1,1705121042625.935,1705121042638.309,1705121042626.7969,1705121042626.9873,1705121042627.0293,1705121042627.0295,1705121042632.8057,1705121042632.5952,1705121042633.1301,1705121042637.6313,1705121042637.6318,[],0,0
fn92_1,1705121042638.3442,1705121042650.355,1705121042639.2747,1705121042639.4927,1705121042639.5505,1705121042639.5505,1705121042646.6633,1705121042645.002,1705121042645.0505,1705121042649.6,1705121042649.6006,[],0,0
fn93_1,1705121042650.398,1705121042679.1274,1705121042651.5332,1705121042651.7612,1705121042651.7964,1705121042651.7966,1705121042657.0151,1705121042657.161,1705121042675.5564,1705121042677.928,1705121042677.9285,[],0,0
fn82_1,1705121042513.1396,1705121042680.1199,1705121042514.3977,1705121042514.6978,1705121042514.7646,1705121042514.765,1705121042521.2007,1705121042522.063,1705121042675.221,1705121042678.2476,1705121042678.248,['blackd'],14,0
fn69_1,1705121042224.673,1705121042683.423,1705121042225.6523,1705121042226.0193,1705121042226.0728,1705121042226.073,1705121042238.7883,1705121042239.1106,1705121042680.4407,1705121042682.6682,1705121042682.6687,[],52,0
fn95_1,1705121042680.154,1705121042694.762,1705121042681.054,1705121042681.3286,1705121042681.3738,1705121042681.3738,1705121042688.193,1705121042689.4077,1705121042689.4429,1705121042693.8176,1705121042693.818,[],0,0
fn94_1,1705121042679.1826,1705121042696.6438,1705121042681.0337,1705121042681.2893,1705121042681.3408,1705121042681.341,1705121042685.6968,1705121042687.5374,1705121042693.1084,1705121042696.0068,1705121042696.0073,[],0,0
fn96_1,1705121042683.475,1705121042699.3435,1705121042684.5469,1705121042684.7434,1705121042684.78,1705121042684.7803,1705121042692.262,1705121042692.33,1705121042692.8965,1705121042698.606,1705121042698.6064,[],0,0
fn97_1,1705121042694.819,1705121042708.3562,1705121042696.1116,1705121042696.3525,1705121042696.3953,1705121042696.3955,1705121042700.4827,1705121042701.848,1705121042701.883,1705121042707.544,1705121042707.5444,[],0,0
fn98_1,1705121042696.6816,1705121042717.4995,1705121042697.5957,1705121042697.8086,1705121042697.855,1705121042697.8552,1705121042703.9998,1705121042704.223,1705121042714.3066,1705121042716.775,1705121042716.7754,[],0,0
fn100_1,1705121042708.4016,1705121042722.3745,1705121042709.48,1705121042709.7373,1705121042709.8052,1705121042709.8052,1705121042715.3877,1705121042715.5984,1705121042716.151,1705121042721.6423,1705121042721.6428,[],0,0
fn101_1,1705121042717.5442,1705121042769.7397,1705121042718.5896,1705121042718.8767,1705121042718.9097,1705121042718.91,1705121042731.4126,1705121042732.142,1705121042766.1655,1705121042768.8635,1705121042768.864,['requests_toolbelt'],70,0
fn86_1,1705121042602.2825,1705121042790.1077,1705121042603.1843,1705121042603.4678,1705121042603.5134,1705121042603.5137,1705121042610.091,1705121042611.8118,1705121042787.4814,1705121042789.3372,1705121042789.3376,[],68,0
fn104_1,1705121042790.1584,1705121042801.6504,1705121042791.061,1705121042791.2566,1705121042791.294,1705121042791.2942,1705121042796.534,1705121042796.3816,1705121042796.5754,1705121042800.9673,1705121042800.9678,[],0,0
fn105_1,1705121042801.6887,1705121042813.9995,1705121042802.8699,1705121042803.1682,1705121042803.243,1705121042803.2432,1705121042809.0107,1705121042809.6304,1705121042809.6658,1705121042813.2786,1705121042813.279,[],41,0
fn103_1,1705121042769.7822,1705121042822.9507,1705121042770.683,1705121042771.1553,1705121042771.2107,1705121042771.211,1705121042782.6592,1705121042784.014,1705121042819.58,1705121042822.251,1705121042822.2515,['requests_toolbelt'],70,0
fn106_1,1705121042814.0354,1705121042825.2615,1705121042814.8723,1705121042815.0808,1705121042815.117,1705121042815.117,1705121042820.248,1705121042820.0864,1705121042820.087,1705121042824.6726,1705121042824.673,[],0,0
fn107_1,1705121042822.988,1705121042834.4766,1705121042823.8135,1705121042824.0232,1705121042824.0586,1705121042824.0588,1705121042827.7793,1705121042829.0696,1705121042829.5225,1705121042833.8296,1705121042833.83,[],0,0
fn108_1,1705121042825.2898,1705121042838.1726,1705121042826.2375,1705121042826.4524,1705121042826.4893,1705121042826.4895,1705121042831.5093,1705121042831.3662,1705121042834.8474,1705121042837.52,1705121042837.5205,[],0,0
fn99_1,1705121042699.384,1705121042842.496,1705121042700.3477,1705121042700.6309,1705121042700.6655,1705121042700.6658,1705121042706.103,1705121042706.512,1705121042838.87,1705121042841.7078,1705121042841.7083,[],21,0
fn109_1,1705121042834.508,1705121042848.5032,1705121042835.2854,1705121042835.5222,1705121042835.573,1705121042835.5732,1705121042842.0913,1705121042843.158,1705121042844.3904,1705121042847.9236,1705121042847.924,[],44,0
fn112_1,1705121042848.5327,1705121042894.0073,1705121042849.2136,1705121042849.5283,1705121042849.57,1705121042849.5703,1705121042857.5354,1705121042858.5232,1705121042874.2456,1705121042878.046,1705121042878.0464,[],69,0
fn110_1,1705121042838.2085,1705121042915.64,1705121042839.114,1705121042839.4482,1705121042839.4902,1705121042839.4902,1705121042853.0332,1705121042856.6133,1705121042910.8635,1705121042914.4941,1705121042914.4946,['requests_toolbelt'],70,0
fn114_1,1705121042915.6987,1705121042938.8203,1705121042917.0059,1705121042917.3296,1705121042917.3982,1705121042917.3984,1705121042923.7024,1705121042924.352,1705121042934.4836,1705121042937.762,1705121042937.7627,[],0,0
fn113_1,1705121042894.0667,1705121042944.7297,1705121042895.3398,1705121042895.706,1705121042895.7617,1705121042895.762,1705121042904.3828,1705121042905.5464,1705121042922.4702,1705121042927.5227,1705121042927.5234,[],69,0
fn115_1,1705121042938.8774,1705121042953.2654,1705121042940.1191,1705121042940.4097,1705121042940.4631,1705121042940.4634,1705121042948.0298,1705121042948.3408,1705121042949.2864,1705121042952.609,1705121042952.6094,[],68,0
fn116_1,1705121042944.778,1705121042999.3147,1705121042945.8958,1705121042946.3198,1705121042946.3682,1705121042946.3684,1705121042959.1104,1705121042960.873,1705121042995.6667,1705121042998.3774,1705121042998.378,['requests_toolbelt'],70,0
fn102_1,1705121042722.4163,1705121043020.7112,1705121042723.4263,1705121042723.6118,1705121042723.6428,1705121042723.643,1705121042731.1233,1705121042731.8225,1705121043017.0032,1705121043019.7598,1705121043019.7603,[],1,0
fn117_1,1705121042953.3008,1705121043025.4058,1705121042954.0981,1705121042954.4739,1705121042954.5166,1705121042954.5166,1705121042968.4497,1705121042970.9558,1705121043022.0662,1705121043024.737,1705121043024.7375,['requests_toolbelt'],70,0
fn118_1,1705121042999.354,1705121043054.3806,1705121043000.2532,1705121043000.5151,1705121043000.5686,1705121043000.5688,1705121043032.7017,1705121043034.2058,1705121043051.2395,1705121043053.3655,1705121043053.366,[],0,0
fn121_1,1705121043054.44,1705121043066.7244,1705121043055.7385,1705121043055.9792,1705121043056.0188,1705121043056.019,1705121043061.3267,1705121043061.1724,1705121043061.3303,1705121043065.803,1705121043065.8035,[],0,0
fn111_1,1705121042842.5364,1705121043079.9702,1705121042843.5083,1705121042843.667,1705121042843.6943,1705121042843.6943,1705121042851.726,1705121042851.4824,1705121043077.3086,1705121043079.2664,1705121043079.267,[],1,0
fn122_1,1705121043066.8208,1705121043081.1672,1705121043068.04,1705121043068.2388,1705121043068.277,1705121043068.2773,1705121043073.743,1705121043073.543,1705121043078.1094,1705121043080.493,1705121043080.4934,[],0,0
fn124_1,1705121043081.205,1705121043103.1843,1705121043082.3184,1705121043082.581,1705121043082.6357,1705121043082.636,1705121043088.7812,1705121043089.4265,1705121043099.5032,1705121043102.3313,1705121043102.3318,[],44,0
fn120_1,1705121043025.4417,1705121043104.97,1705121043026.242,1705121043026.6365,1705121043026.6738,1705121043026.674,1705121043045.356,1705121043047.8125,1705121043100.581,1705121043104.1575,1705121043104.1582,['requests_toolbelt'],70,0
fn125_1,1705121043103.2246,1705121043118.95,1705121043104.1426,1705121043104.3298,1705121043104.3633,1705121043104.3635,1705121043110.9666,1705121043111.8618,1705121043111.912,1705121043117.8875,1705121043117.888,[],0,0
fn123_1,1705121043080.0098,1705121043132.8416,1705121043081.0503,1705121043083.0486,1705121043083.1423,1705121043083.1426,1705121043092.7034,1705121043093.8423,1705121043111.5903,1705121043115.4507,1705121043115.4512,[],69,0
fn126_1,1705121043105.0151,1705121043161.3071,1705121043106.0256,1705121043106.2874,1705121043106.323,1705121043106.3232,1705121043120.1067,1705121043121.1045,1705121043157.062,1705121043160.4575,1705121043160.4583,['requests_toolbelt'],70,0
fn119_1,1705121043020.764,1705121043272.0684,1705121043021.9329,1705121043022.1675,1705121043022.2073,1705121043022.2073,1705121043036.7449,1705121043036.5706,1705121043268.2026,1705121043271.0103,1705121043271.011,[],0,0
fn91_1,1705121042635.1104,1705121043288.29,1705121042635.8474,1705121042636.1997,1705121042636.233,1705121042636.233,1705121042645.73,1705121042647.8062,1705121043285.6162,1705121043287.5198,1705121043287.5203,[],12,0
fn130_1,1705121043272.1267,1705121043317.4675,1705121043273.4016,1705121043273.6543,1705121043273.706,1705121043273.7063,1705121043310.2117,1705121043310.243,1705121043310.4766,1705121043316.4272,1705121043316.4277,[],0,0
fn132_1,1705121043317.528,1705121043331.8674,1705121043318.7856,1705121043319.0288,1705121043319.0767,1705121043319.077,1705121043324.9155,1705121043325.0864,1705121043325.3074,1705121043330.9922,1705121043330.9927,[],0,0
fn131_1,1705121043288.3372,1705121043340.1538,1705121043289.3171,1705121043289.5823,1705121043289.6396,1705121043289.64,1705121043313.2808,1705121043313.233,1705121043336.9685,1705121043339.5005,1705121043339.5012,[],73,0
fn134_1,1705121043340.192,1705121043350.4058,1705121043340.9849,1705121043341.216,1705121043341.262,1705121043341.2625,1705121043346.5361,1705121043346.3262,1705121043346.3618,1705121043349.7346,1705121043349.7354,[],59,0
fn127_1,1705121043119.0068,1705121043359.127,1705121043120.244,1705121043120.6584,1705121043120.705,1705121043120.7053,1705121043128.8853,1705121043129.9023,1705121043355.534,1705121043358.2505,1705121043358.251,[],8,0
fn133_1,1705121043331.9219,1705121043360.5667,1705121043333.0916,1705121043333.3745,1705121043333.4182,1705121043333.4185,1705121043341.073,1705121043341.9067,1705121043356.5327,1705121043359.8804,1705121043359.8809,[],44,0
fn135_1,1705121043350.4434,1705121043362.7214,1705121043351.2773,1705121043351.4963,1705121043351.5488,1705121043351.549,1705121043356.72,1705121043356.541,1705121043359.2527,1705121043362.0752,1705121043362.0757,[],0,0
fn137_1,1705121043360.597,1705121043372.5027,1705121043361.4297,1705121043361.6763,1705121043361.7146,1705121043361.7148,1705121043366.927,1705121043367.23,1705121043367.6023,1705121043371.8186,1705121043371.819,[],0,0
fn129_1,1705121043161.3518,1705121043392.0354,1705121043162.2617,1705121043162.4934,1705121043162.5393,1705121043162.5396,1705121043214.8252,1705121043215.1685,1705121043389.396,1705121043391.3308,1705121043391.3315,[],68,0
fn136_1,1705121043359.192,1705121043409.0322,1705121043360.6416,1705121043360.883,1705121043361.2544,1705121043361.2544,1705121043368.197,1705121043368.1172,1705121043405.73,1705121043408.1064,1705121043408.1067,[],73,0
fn140_1,1705121043392.0754,1705121043442.4468,1705121043392.9067,1705121043393.2012,1705121043393.2388,1705121043393.239,1705121043398.7686,1705121043398.7966,1705121043439.3232,1705121043441.548,1705121043441.5488,[],58,0
fn141_1,1705121043409.0872,1705121043499.9746,1705121043410.2603,1705121043410.5857,1705121043410.6228,1705121043410.623,1705121043416.6787,1705121043417.5684,1705121043496.3054,1705121043498.854,1705121043498.8545,[],41,0
fn142_1,1705121043442.4873,1705121043502.2354,1705121043443.4429,1705121043443.7712,1705121043443.8206,1705121043443.8208,1705121043450.1653,1705121043450.5115,1705121043498.3477,1705121043501.6301,1705121043501.6306,[],19,0
fn143_1,1705121043500.0322,1705121043545.5818,1705121043501.2659,1705121043501.5012,1705121043501.5498,1705121043501.55,1705121043530.5469,1705121043531.376,1705121043542.0222,1705121043544.7808,1705121043544.7812,[],44,0
fn138_1,1705121043362.7886,1705121043596.1785,1705121043363.743,1705121043364.0286,1705121043364.0718,1705121043364.072,1705121043372.1543,1705121043374.5488,1705121043591.189,1705121043593.1228,1705121043593.1235,[],46,0
fn128_1,1705121043132.8997,1705121043642.2969,1705121043134.154,1705121043134.4253,1705121043134.4717,1705121043134.472,1705121043142.6406,1705121043143.2766,1705121043638.484,1705121043641.3477,1705121043641.3484,[],12,0
fn147_1,1705121043642.3538,1705121043668.7625,1705121043643.5823,1705121043643.8662,1705121043643.9268,1705121043643.927,1705121043652.442,1705121043652.0657,1705121043663.6868,1705121043667.7004,1705121043667.7012,[],21,0
fn146_1,1705121043596.2273,1705121043700.701,1705121043597.202,1705121043597.4917,1705121043597.5366,1705121043597.5369,1705121043651.106,1705121043653.5256,1705121043696.0974,1705121043699.68,1705121043699.6807,['requests_toolbelt'],70,0
fn149_1,1705121043700.7598,1705121043744.1448,1705121043702.0544,1705121043702.3196,1705121043702.3718,1705121043702.372,1705121043709.727,1705121043710.2454,1705121043739.6318,1705121043743.0322,1705121043743.0332,[],73,0
fn150_1,1705121043744.2056,1705121043789.5566,1705121043745.489,1705121043745.7483,1705121043745.8022,1705121043745.8025,1705121043783.44,1705121043783.208,1705121043783.7925,1705121043788.5374,1705121043788.5383,[],29,0
fn145_1,1705121043545.6262,1705121043823.3218,1705121043546.5117,1705121043546.891,1705121043546.9595,1705121043546.9595,1705121043553.4924,1705121043555.4753,1705121043820.6316,1705121043822.5066,1705121043822.5073,['nbsphinx'],44,0
fn152_1,1705121043823.3633,1705121043835.1658,1705121043824.214,1705121043824.4539,1705121043824.5105,1705121043824.5107,1705121043830.1492,1705121043830.0747,1705121043830.1099,1705121043834.461,1705121043834.4612,[],0,0
fn151_1,1705121043789.615,1705121043883.3066,1705121043790.858,1705121043791.2156,1705121043791.257,1705121043791.2573,1705121043797.4746,1705121043798.2815,1705121043878.942,1705121043882.2168,1705121043882.2173,[],77,0
fn153_1,1705121043835.2104,1705121043893.5535,1705121043836.0562,1705121043836.254,1705121043836.2827,1705121043836.2827,1705121043842.109,1705121043842.532,1705121043890.0781,1705121043892.8145,1705121043892.815,[],19,0
fn154_1,1705121043883.3623,1705121043898.449,1705121043884.6082,1705121043884.847,1705121043884.8967,1705121043884.897,1705121043891.4312,1705121043891.87,1705121043891.9194,1705121043897.6714,1705121043897.672,[],0,0
fn156_1,1705121043898.4978,1705121043940.5457,1705121043899.629,1705121043899.8647,1705121043899.9045,1705121043899.9048,1705121043905.527,1705121043906.2715,1705121043936.5034,1705121043939.4446,1705121043939.445,[],0,0
fn155_1,1705121043893.596,1705121043950.4912,1705121043894.4846,1705121043894.7573,1705121043894.7969,1705121043894.7969,1705121043903.774,1705121043905.2883,1705121043929.593,1705121043934.5327,1705121043934.5332,[],69,0
fn158_1,1705121043950.5322,1705121043963.0393,1705121043951.5286,1705121043951.805,1705121043951.8608,1705121043951.8613,1705121043958.628,1705121043958.4766,1705121043958.7063,1705121043962.267,1705121043962.2676,[],74,0
fn159_1,1705121043963.0789,1705121043974.6199,1705121043963.921,1705121043964.147,1705121043964.209,1705121043964.2092,1705121043969.7236,1705121043969.4854,1705121043969.5242,1705121043973.9053,1705121043973.9058,[],0,0
fn144_1,1705121043502.2695,1705121043981.3008,1705121043503.0327,1705121043503.3613,1705121043503.3923,1705121043503.3923,1705121043530.8008,1705121043531.0674,1705121043978.3662,1705121043980.4792,1705121043980.4797,[],66,0
fn157_1,1705121043940.6042,1705121044003.7166,1705121043941.9148,1705121043942.2754,1705121043942.328,1705121043942.3281,1705121043953.1914,1705121043954.9922,1705121043979.9868,1705121043985.1028,1705121043985.1035,[],69,0
fn161_1,1705121043981.35,1705121044027.1733,1705121043982.4756,1705121043982.7598,1705121043982.7903,1705121043982.7903,1705121043990.8154,1705121043991.9084,1705121044008.7402,1705121044012.6074,1705121044012.608,[],69,0
fn162_1,1705121044003.7712,1705121044035.396,1705121044005.0596,1705121044005.3696,1705121044005.4187,1705121044005.419,1705121044013.5278,1705121044015.2375,1705121044030.659,1705121044034.4763,1705121044034.4768,[],62,0
fn163_1,1705121044027.231,1705121044040.454,1705121044028.4702,1705121044028.7302,1705121044028.778,1705121044028.7783,1705121044034.7039,1705121044034.408,1705121044034.4446,1705121044039.4802,1705121044039.4807,[],0,0
fn148_1,1705121043668.82,1705121044041.13,1705121043670.0715,1705121043670.328,1705121043670.3728,1705121043670.373,1705121043678.5215,1705121043679.1328,1705121044037.481,1705121044039.5286,1705121044039.5293,[],12,0
fn164_1,1705121044035.453,1705121044047.9956,1705121044036.7083,1705121044036.9573,1705121044037.0007,1705121044037.001,1705121044043.5168,1705121044043.4316,1705121044043.6592,1705121044047.3127,1705121044047.3132,[],14,0
fn165_1,1705121044040.4917,1705121044071.6108,1705121044042.0427,1705121044042.247,1705121044042.281,1705121044042.281,1705121044048.1506,1705121044051.7222,1705121044066.6997,1705121044070.4895,1705121044070.49,[],44,0
fn167_1,1705121044048.0247,1705121044108.985,1705121044048.8503,1705121044049.0908,1705121044049.128,1705121044049.1282,1705121044054.6501,1705121044054.6401,1705121044105.7295,1705121044108.0881,1705121044108.0886,[],77,0
fn168_1,1705121044071.6687,1705121044132.8955,1705121044072.8826,1705121044073.2383,1705121044073.311,1705121044073.3113,1705121044083.2646,1705121044085.4695,1705121044109.6853,1705121044114.7085,1705121044114.7092,[],69,0
fn169_1,1705121044109.0322,1705121044167.3997,1705121044109.9883,1705121044110.2666,1705121044110.3245,1705121044110.3247,1705121044116.2446,1705121044116.159,1705121044164.1045,1705121044166.4937,1705121044166.4944,[],77,0
fn171_1,1705121044167.455,1705121044180.9329,1705121044168.3762,1705121044168.5884,1705121044168.632,1705121044168.6323,1705121044174.2402,1705121044174.0571,1705121044177.2625,1705121044180.213,1705121044180.2134,[],0,0
fn172_1,1705121044180.9763,1705121044233.8494,1705121044181.84,1705121044182.1506,1705121044182.1877,1705121044182.188,1705121044194.2756,1705121044195.7207,1705121044230.203,1705121044232.9285,1705121044232.929,['requests_toolbelt'],70,0
fn166_1,1705121044041.1636,1705121044242.0298,1705121044042.0588,1705121044042.3274,1705121044042.37,1705121044042.37,1705121044052.235,1705121044053.0237,1705121044237.501,1705121044241.2488,1705121044241.2495,[],44,0
fn174_1,1705121044242.069,1705121044288.7502,1705121044242.9292,1705121044243.1714,1705121044243.215,1705121044243.215,1705121044280.774,1705121044281.1543,1705121044282.25,1705121044287.6672,1705121044287.6677,[],0,0
fn175_1,1705121044288.8088,1705121044306.136,1705121044290.0996,1705121044290.357,1705121044290.3992,1705121044290.3994,1705121044296.3313,1705121044296.5547,1705121044301.845,1705121044305.2197,1705121044305.2205,[],0,0
fn176_1,1705121044306.1904,1705121044323.8345,1705121044307.4944,1705121044307.788,1705121044307.8306,1705121044307.8308,1705121044315.4834,1705121044316.5618,1705121044318.3127,1705121044322.8264,1705121044322.8271,[],78,0
fn177_1,1705121044323.892,1705121044338.7517,1705121044325.106,1705121044325.348,1705121044325.4133,1705121044325.4136,1705121044331.4578,1705121044331.9526,1705121044332.0002,1705121044337.801,1705121044337.8015,[],0,0
fn173_1,1705121044233.8958,1705121044346.769,1705121044234.8584,1705121044235.0884,1705121044235.131,1705121044235.1313,1705121044278.1016,1705121044278.1118,1705121044343.8594,1705121044346.1191,1705121044346.1196,[],77,0
fn178_1,1705121044338.8074,1705121044354.8018,1705121044340.0269,1705121044340.2725,1705121044340.3115,1705121044340.3118,1705121044347.6155,1705121044347.8472,1705121044348.084,1705121044353.8613,1705121044353.862,[],1,0
fn179_1,1705121044346.8093,1705121044361.7424,1705121044347.613,1705121044347.844,1705121044347.8875,1705121044347.8875,1705121044353.974,1705121044353.2456,1705121044357.8079,1705121044360.9521,1705121044360.9526,[],0,0
fn181_1,1705121044361.7917,1705121044407.5933,1705121044362.9702,1705121044363.3015,1705121044363.3477,1705121044363.348,1705121044372.969,1705121044373.7305,1705121044389.4182,1705121044393.186,1705121044393.1868,[],69,0
fn170_1,1705121044132.9526,1705121044409.4937,1705121044134.242,1705121044134.5522,1705121044134.6055,1705121044134.6057,1705121044142.8513,1705121044144.2205,1705121044406.7966,1705121044408.8523,1705121044408.8528,[],8,0
fn180_1,1705121044354.8528,1705121044430.8079,1705121044355.9624,1705121044356.3677,1705121044356.4116,1705121044356.4119,1705121044369.7305,1705121044373.098,1705121044426.2744,1705121044429.937,1705121044429.9375,['requests_toolbelt'],70,0
fn183_1,1705121044409.527,1705121044461.5105,1705121044410.2778,1705121044410.4773,1705121044410.5103,1705121044410.5103,1705121044447.1714,1705121044447.5435,1705121044457.719,1705121044460.5427,1705121044460.5432,[],44,0
fn185_1,1705121044461.5664,1705121044506.482,1705121044462.8264,1705121044463.0625,1705121044463.094,1705121044463.094,1705121044471.5747,1705121044472.7502,1705121044488.485,1705121044492.1897,1705121044492.1902,[],69,0
fn182_1,1705121044407.6362,1705121044508.024,1705121044408.5415,1705121044408.7637,1705121044408.8054,1705121044408.8057,1705121044445.7947,1705121044447.2148,1705121044503.6384,1705121044506.8926,1705121044506.8936,[],73,0
fn184_1,1705121044430.8513,1705121044511.0059,1705121044431.743,1705121044431.9578,1705121044431.9995,1705121044431.9998,1705121044450.9336,1705121044451.4597,1705121044507.6724,1705121044510.2566,1705121044510.2573,[],73,0
fn187_1,1705121044508.0742,1705121044549.4841,1705121044508.974,1705121044509.2588,1705121044509.3118,1705121044509.312,1705121044540.3987,1705121044541.6096,1705121044546.007,1705121044548.5103,1705121044548.5107,[],0,0
fn186_1,1705121044506.5413,1705121044554.2744,1705121044509.0027,1705121044509.2847,1705121044509.3245,1705121044509.3247,1705121044543.1814,1705121044544.2861,1705121044551.1611,1705121044553.518,1705121044553.5186,[],0,0
fn188_1,1705121044511.05,1705121044566.0457,1705121044512.0369,1705121044512.265,1705121044512.307,1705121044512.3071,1705121044547.171,1705121044547.9275,1705121044561.9878,1705121044565.2158,1705121044565.2166,[],0,0
fn190_1,1705121044554.321,1705121044567.3428,1705121044555.4058,1705121044555.5725,1705121044555.5996,1705121044555.5999,1705121044561.4702,1705121044561.183,1705121044561.1838,1705121044565.401,1705121044565.4014,[],0,0
fn191_1,1705121044566.0947,1705121044578.9534,1705121044568.1565,1705121044568.3687,1705121044568.3994,1705121044568.3994,1705121044573.913,1705121044573.7278,1705121044574.0872,1705121044578.2837,1705121044578.2842,[],0,0
fn139_1,1705121043372.5374,1705121044582.4927,1705121043373.2617,1705121043373.6775,1705121043373.7144,1705121043373.7146,1705121043381.4404,1705121043383.8196,1705121044579.7002,1705121044581.811,1705121044581.8118,[],67,0
fn193_1,1705121044578.9878,1705121044602.7058,1705121044579.7178,1705121044579.8984,1705121044579.9243,1705121044579.9246,1705121044591.2834,1705121044588.7676,1705121044599.1646,1705121044601.934,1705121044601.9346,[],44,0
fn194_1,1705121044582.5396,1705121044636.8613,1705121044583.563,1705121044583.858,1705121044583.8884,1705121044583.8887,1705121044596.9622,1705121044598.213,1705121044633.0466,1705121044635.8013,1705121044635.8018,['requests_toolbelt'],70,0
fn160_1,1705121043974.6604,1705121044647.3562,1705121043975.5396,1705121043975.9246,1705121043975.9644,1705121043975.9646,1705121043982.761,1705121043985.2866,1705121044644.8347,1705121044646.6218,1705121044646.6223,['nbsphinx'],12,0
fn196_1,1705121044636.9158,1705121044648.5156,1705121044638.1414,1705121044638.3376,1705121044638.3796,1705121044638.38,1705121044644.0212,1705121044643.9165,1705121044643.9634,1705121044647.5098,1705121044647.5103,[],59,0
fn197_1,1705121044647.4033,1705121044671.4436,1705121044649.328,1705121044649.6301,1705121044649.6667,1705121044649.667,1705121044657.06,1705121044657.5388,1705121044667.7678,1705121044670.5142,1705121044670.5146,[],62,0
fn198_1,1705121044648.546,1705121044702.1611,1705121044649.3237,1705121044649.7654,1705121044649.8105,1705121044649.8105,1705121044661.9868,1705121044663.2664,1705121044698.6191,1705121044701.3333,1705121044701.3337,['requests_toolbelt'],70,0
fn189_1,1705121044549.5413,1705121044706.613,1705121044550.7725,1705121044550.9985,1705121044551.0356,1705121044551.036,1705121044556.6797,1705121044556.3726,1705121044702.5198,1705121044705.5264,1705121044705.527,[],0,0
fn200_1,1705121044702.2012,1705121044783.7146,1705121044719.5537,1705121044719.9082,1705121044719.9863,1705121044719.9863,1705121044754.1287,1705121044754.2778,1705121044779.5547,1705121044782.603,1705121044782.6038,[],0,0
fn192_1,1705121044567.3738,1705121044796.3752,1705121044568.1519,1705121044568.458,1705121044568.5024,1705121044568.5024,1705121044575.211,1705121044576.6257,1705121044793.6697,1705121044795.6272,1705121044795.6277,[],68,0
fn195_1,1705121044602.765,1705121044798.7603,1705121044603.5928,1705121044603.9106,1705121044603.9883,1705121044603.9885,1705121044609.8357,1705121044610.6414,1705121044796.0537,1705121044798.125,1705121044798.1255,[],68,0
fn201_1,1705121044706.6567,1705121044805.2217,1705121044719.565,1705121044719.91,1705121044719.9521,1705121044719.9521,1705121044758.6936,1705121044760.3823,1705121044801.8633,1705121044804.5586,1705121044804.559,['requests_toolbelt'],70,0
fn205_1,1705121044805.2664,1705121044817.2334,1705121044806.0198,1705121044806.2202,1705121044806.2588,1705121044806.259,1705121044811.6484,1705121044811.6084,1705121044811.6558,1705121044816.299,1705121044816.2993,[],0,0
fn203_1,1705121044796.428,1705121044843.9326,1705121044797.3357,1705121044797.5789,1705121044797.6184,1705121044797.6184,1705121044807.5342,1705121044808.4749,1705121044825.557,1705121044829.411,1705121044829.4114,[],69,0
fn204_1,1705121044798.812,1705121044855.353,1705121044799.7566,1705121044800.1384,1705121044800.1826,1705121044800.1829,1705121044814.4087,1705121044815.435,1705121044851.8425,1705121044854.5344,1705121044854.5347,['requests_toolbelt'],70,0
fn208_1,1705121044855.3977,1705121044867.611,1705121044856.2737,1705121044856.455,1705121044856.4924,1705121044856.493,1705121044862.0908,1705121044861.919,1705121044862.4438,1705121044866.78,1705121044866.7808,[],0,0
fn206_1,1705121044817.2898,1705121044876.4067,1705121044818.491,1705121044818.692,1705121044818.7246,1705121044818.7246,1705121044824.3394,1705121044824.2634,1705121044873.2273,1705121044875.6982,1705121044875.699,[],77,0
fn202_1,1705121044783.774,1705121044877.7974,1705121044785.0469,1705121044785.361,1705121044785.413,1705121044785.4133,1705121044793.326,1705121044794.6365,1705121044874.0,1705121044877.1443,1705121044877.145,[],1,0
fn209_1,1705121044867.6511,1705121044879.3115,1705121044868.5056,1705121044868.7468,1705121044868.791,1705121044868.7913,1705121044874.2153,1705121044874.0042,1705121044874.1553,1705121044878.6877,1705121044878.6882,[],0,0
fn210_1,1705121044876.4492,1705121044889.3433,1705121044877.351,1705121044877.5767,1705121044877.6165,1705121044877.6167,1705121044881.625,1705121044882.9277,1705121044883.075,1705121044888.5317,1705121044888.5322,[],0,0
fn211_1,1705121044877.8281,1705121044890.772,1705121044878.5737,1705121044878.8594,1705121044878.9019,1705121044878.9019,1705121044885.7463,1705121044886.0935,1705121044886.4314,1705121044890.0417,1705121044890.0422,[],44,0
fn212_1,1705121044879.3396,1705121044892.1301,1705121044880.0283,1705121044880.2366,1705121044880.2795,1705121044880.2798,1705121044885.7341,1705121044885.9211,1705121044886.1213,1705121044891.5488,1705121044891.5493,[],0,0
fn213_1,1705121044889.3882,1705121044901.608,1705121044890.4146,1705121044890.6313,1705121044890.67,1705121044890.6702,1705121044896.12,1705121044895.9058,1705121044895.9065,1705121044901.0044,1705121044901.005,[],0,0
fn207_1,1705121044843.975,1705121044903.238,1705121044844.9136,1705121044845.34,1705121044845.3977,1705121044845.398,1705121044859.2336,1705121044859.9585,1705121044897.988,1705121044901.572,1705121044901.5728,['requests_toolbelt'],70,0
fn217_1,1705121044903.2834,1705121044932.2214,1705121044904.2695,1705121044904.4524,1705121044904.4885,1705121044904.4888,1705121044911.72,1705121044912.7915,1705121044927.4255,1705121044931.144,1705121044931.1445,[],44,0
fn199_1,1705121044671.4985,1705121044935.5317,1705121044672.6594,1705121044672.8625,1705121044672.8948,1705121044672.895,1705121044679.8586,1705121044679.7751,1705121044932.6423,1705121044934.7686,1705121044934.7688,[],1,0
fn215_1,1705121044892.167,1705121044978.232,1705121044892.8472,1705121044893.047,1705121044893.0823,1705121044893.0825,1705121044900.3677,1705121044901.681,1705121044964.025,1705121044977.1497,1705121044977.1501,[],73,0
fn220_1,1705121044978.2952,1705121044991.996,1705121044979.6191,1705121044979.869,1705121044979.9253,1705121044979.9255,1705121044985.7437,1705121044985.587,1705121044988.3003,1705121044991.033,1705121044991.0337,[],0,0
fn216_1,1705121044901.6392,1705121045082.2766,1705121044902.8127,1705121044903.0845,1705121044903.1248,1705121044903.125,1705121044909.5085,1705121044910.174,1705121045079.2466,1705121045081.1829,1705121045081.1836,[],68,0
fn221_1,1705121044992.0544,1705121045092.5847,1705121044993.294,1705121044993.5212,1705121044993.5635,1705121044993.5637,1705121044999.0745,1705121044999.042,1705121045089.6665,1705121045091.9211,1705121045091.9216,[],0,0
fn218_1,1705121044932.278,1705121045128.109,1705121044933.522,1705121044933.8545,1705121044933.9026,1705121044933.9028,1705121044941.7285,1705121044943.6335,1705121045124.5112,1705121045127.1143,1705121045127.1147,[],44,0
fn224_1,1705121045128.1638,1705121045142.9753,1705121045129.375,1705121045129.6067,1705121045129.646,1705121045129.6462,1705121045136.7063,1705121045136.8618,1705121045136.9094,1705121045141.9312,1705121045141.932,[],1,0
fn225_1,1705121045143.0344,1705121045205.3237,1705121045144.2693,1705121045144.6301,1705121045144.678,1705121045144.6782,1705121045154.997,1705121045157.1213,1705121045181.7656,1705121045186.8997,1705121045186.9001,[],69,0
fn226_1,1705121045205.3828,1705121045252.1104,1705121045206.658,1705121045206.9473,1705121045207.0083,1705121045207.0085,1705121045246.4165,1705121045246.3171,1705121045246.3657,1705121045251.0457,1705121045251.0461,[],14,0
fn227_1,1705121045252.1682,1705121045269.0686,1705121045253.4958,1705121045253.7627,1705121045253.8152,1705121045253.8157,1705121045259.826,1705121045260.945,1705121045264.561,1705121045268.147,1705121045268.1477,[],0,0
fn228_1,1705121045269.1272,1705121045312.185,1705121045270.3367,1705121045270.5825,1705121045270.6467,1705121045270.647,1705121045278.3079,1705121045279.0488,1705121045307.6064,1705121045311.0947,1705121045311.0955,[],73,0
fn223_1,1705121045092.624,1705121045367.3816,1705121045093.4905,1705121045093.8135,1705121045093.872,1705121045093.8723,1705121045126.2979,1705121045127.0427,1705121045364.5251,1705121045366.5037,1705121045366.5042,[],46,0
fn229_1,1705121045312.2441,1705121045369.1438,1705121045313.5164,1705121045313.7764,1705121045313.845,1705121045313.8452,1705121045320.6482,1705121045321.7136,1705121045364.3306,1705121045367.9314,1705121045367.9321,[],14,0
fn222_1,1705121045082.3394,1705121045369.811,1705121045083.6316,1705121045083.85,1705121045083.899,1705121045083.8992,1705121045122.6836,1705121045123.007,1705121045366.137,1705121045368.149,1705121045368.1494,[],29,0
fn230_1,1705121045367.427,1705121045406.4453,1705121045368.496,1705121045368.7637,1705121045368.8184,1705121045368.8186,1705121045373.4365,1705121045375.1284,1705121045402.3572,1705121045405.3787,1705121045405.3792,[],0,0
fn214_1,1705121044890.81,1705121045432.4807,1705121044891.5383,1705121044891.7678,1705121044891.8018,1705121044891.802,1705121044898.5105,1705121044898.8096,1705121045428.7417,1705121045431.458,1705121045431.4585,[],66,0
fn231_1,1705121045369.1787,1705121045442.1917,1705121045370.74,1705121045370.9636,1705121045371.009,1705121045371.009,1705121045378.414,1705121045378.5193,1705121045438.6445,1705121045441.324,1705121045441.3245,[],0,0
fn235_1,1705121045442.249,1705121045497.6729,1705121045443.452,1705121045443.7463,1705121045443.784,1705121045443.784,1705121045458.162,1705121045459.2031,1705121045493.7996,1705121045496.576,1705121045496.5764,['requests_toolbelt'],70,0
fn234_1,1705121045432.5518,1705121045501.745,1705121045433.899,1705121045434.1592,1705121045434.2087,1705121045434.2087,1705121045440.7114,1705121045441.3743,1705121045497.8755,1705121045500.937,1705121045500.9377,[],34,0
fn236_1,1705121045497.7332,1705121045542.9517,1705121045498.9941,1705121045499.2598,1705121045499.3335,1705121045499.3337,1705121045534.2517,1705121045534.38,1705121045538.2798,1705121045541.8643,1705121045541.8647,[],0,0
fn233_1,1705121045406.5059,1705121045547.63,1705121045407.8098,1705121045408.1824,1705121045408.2349,1705121045408.2349,1705121045430.3074,1705121045431.6575,1705121045544.7986,1705121045547.0095,1705121045547.01,[],14,0
fn238_1,1705121045543.0105,1705121045556.4902,1705121045544.2383,1705121045544.5005,1705121045544.547,1705121045544.5474,1705121045552.606,1705121045551.9978,1705121045552.0417,1705121045555.7935,1705121045555.794,[],29,0
fn237_1,1705121045501.7832,1705121045574.438,1705121045502.6143,1705121045502.9463,1705121045502.9968,1705121045502.997,1705121045536.681,1705121045537.5486,1705121045556.046,1705121045559.9556,1705121045559.9563,[],69,0
fn240_1,1705121045556.529,1705121045575.6055,1705121045557.3396,1705121045557.5828,1705121045557.622,1705121045557.6223,1705121045562.947,1705121045562.8525,1705121045572.4753,1705121045574.8708,1705121045574.8713,[],0,0
fn241_1,1705121045574.482,1705121045608.646,1705121045576.373,1705121045576.5886,1705121045576.6228,1705121045576.623,1705121045582.1716,1705121045582.1672,1705121045605.6128,1705121045607.8054,1705121045607.806,[],0,0
fn232_1,1705121045369.8464,1705121045609.8113,1705121045370.7688,1705121045370.9954,1705121045371.0217,1705121045371.0217,1705121045378.4343,1705121045378.3523,1705121045606.4204,1705121045608.4734,1705121045608.4739,[],29,0
fn242_1,1705121045575.636,1705121045636.5857,1705121045576.3975,1705121045576.6194,1705121045576.6501,1705121045576.6504,1705121045582.2766,1705121045582.514,1705121045633.192,1705121045635.559,1705121045635.5598,[],77,0
fn244_1,1705121045609.8545,1705121045640.3252,1705121045610.647,1705121045610.9,1705121045610.9395,1705121045610.9397,1705121045617.9883,1705121045618.007,1705121045636.87,1705121045639.569,1705121045639.57,[],73,0
fn246_1,1705121045640.3704,1705121045662.1753,1705121045641.3914,1705121045641.6,1705121045641.6318,1705121045641.632,1705121045648.2043,1705121045648.6973,1705121045658.4949,1705121045661.2373,1705121045661.2378,[],44,0
fn219_1,1705121044935.5842,1705121045670.48,1705121044936.6685,1705121044936.86,1705121044936.887,1705121044936.8872,1705121044946.2974,1705121044947.0757,1705121045666.9954,1705121045669.6206,1705121045669.6213,[],12,0
fn247_1,1705121045662.2285,1705121045674.9255,1705121045663.43,1705121045663.6157,1705121045663.647,1705121045663.6472,1705121045669.9363,1705121045669.3274,1705121045669.3284,1705121045674.1772,1705121045674.178,[],0,0
fn243_1,1705121045608.6985,1705121045681.2078,1705121045610.5198,1705121045610.8208,1705121045610.8584,1705121045610.8584,1705121045617.9133,1705121045618.816,1705121045678.1477,1705121045680.4883,1705121045680.489,[],41,0
fn248_1,1705121045670.5405,1705121045689.777,1705121045671.8083,1705121045672.0483,1705121045672.0864,1705121045672.0872,1705121045677.342,1705121045677.3457,1705121045686.7664,1705121045689.0796,1705121045689.08,[],0,0
fn250_1,1705121045681.2493,1705121045694.4014,1705121045682.2705,1705121045682.457,1705121045682.4941,1705121045682.4944,1705121045688.4202,1705121045688.8452,1705121045688.9006,1705121045693.6433,1705121045693.644,[],21,0
fn252_1,1705121045694.4429,1705121045707.572,1705121045695.4348,1705121045695.5933,1705121045695.6194,1705121045695.6194,1705121045701.3777,1705121045701.2305,1705121045704.2207,1705121045706.7214,1705121045706.722,[],0,0
fn249_1,1705121045674.9692,1705121045721.9575,1705121045675.981,1705121045676.2378,1705121045676.2732,1705121045676.2734,1705121045683.8147,1705121045682.8655,1705121045718.8333,1705121045721.2324,1705121045721.2332,['git'],0,0
fn253_1,1705121045707.6223,1705121045734.5085,1705121045708.7476,1705121045708.977,1705121045709.0298,1705121045709.03,1705121045714.2917,1705121045714.1372,1705121045731.748,1705121045733.8079,1705121045733.8083,[],0,0
fn254_1,1705121045721.9968,1705121045776.9343,1705121045722.819,1705121045723.0728,1705121045723.1206,1705121045723.1208,1705121045728.8857,1705121045728.8525,1705121045773.296,1705121045775.925,1705121045775.926,['git'],21,0
fn256_1,1705121045776.9932,1705121045789.1235,1705121045778.2349,1705121045778.4514,1705121045778.4915,1705121045778.4915,1705121045784.2854,1705121045784.0781,1705121045784.1147,1705121045788.4675,1705121045788.468,[],0,0
fn257_1,1705121045789.16,1705121045800.7183,1705121045789.9814,1705121045790.2102,1705121045790.263,1705121045790.2632,1705121045795.4268,1705121045795.2654,1705121045795.493,1705121045800.014,1705121045800.0144,[],0,0
fn251_1,1705121045689.8108,1705121045843.2483,1705121045690.6838,1705121045690.9556,1705121045690.9888,1705121045690.9888,1705121045696.653,1705121045696.8713,1705121045839.2485,1705121045842.1477,1705121045842.1482,[],0,0
fn258_1,1705121045800.7551,1705121045855.735,1705121045801.58,1705121045802.2698,1705121045802.3174,1705121045802.3174,1705121045807.8706,1705121045808.197,1705121045852.877,1705121045855.0369,1705121045855.0374,[],0,0
fn245_1,1705121045636.6433,1705121045879.3086,1705121045637.8953,1705121045638.1428,1705121045638.1914,1705121045638.192,1705121045645.1792,1705121045644.923,1705121045876.227,1705121045878.2832,1705121045878.2837,[],1,0
fn260_1,1705121045855.7783,1705121045890.37,1705121045856.6548,1705121045856.9534,1705121045857.0005,1705121045857.0007,1705121045863.669,1705121045864.246,1705121045886.076,1705121045889.0405,1705121045889.041,[],76,0
fn259_1,1705121045843.3071,1705121045891.6033,1705121045844.5857,1705121045844.907,1705121045844.9578,1705121045844.958,1705121045853.0586,1705121045854.6204,1705121045887.4844,1705121045890.721,1705121045890.7214,[],76,0
fn261_1,1705121045879.3691,1705121045892.9775,1705121045880.6272,1705121045880.902,1705121045880.9563,1705121045880.9568,1705121045886.7412,1705121045886.5625,1705121045887.0986,1705121045892.0618,1705121045892.0623,[],0,0
fn262_1,1705121045890.411,1705121045905.7747,1705121045892.9756,1705121045893.1558,1705121045893.8643,1705121045893.8645,1705121045899.8096,1705121045899.8606,1705121045902.5317,1705121045905.1648,1705121045905.1653,[],0,0
fn265_1,1705121045905.8127,1705121045935.119,1705121045906.5842,1705121045906.8276,1705121045906.8586,1705121045906.859,1705121045912.7844,1705121045912.8926,1705121045931.685,1705121045934.195,1705121045934.1956,[],73,0
fn266_1,1705121045935.1682,1705121045948.7322,1705121045936.196,1705121045936.46,1705121045936.5117,1705121045936.512,1705121045942.9924,1705121045943.6946,1705121045944.6367,1705121045947.937,1705121045947.9375,[],44,0
fn263_1,1705121045891.648,1705121045953.4663,1705121045893.925,1705121045894.2332,1705121045894.2756,1705121045894.276,1705121045902.9797,1705121045905.5327,1705121045929.9438,1705121045935.0632,1705121045935.0637,[],69,0
fn255_1,1705121045734.551,1705121045961.0764,1705121045735.4102,1705121045735.711,1705121045735.768,1705121045735.7683,1705121045742.518,1705121045743.7637,1705121045957.8225,1705121045960.2693,1705121045960.2703,[],44,0
fn239_1,1705121045547.6687,1705121045964.6582,1705121045548.4888,1705121045548.7048,1705121045548.734,1705121045548.734,1705121045557.3264,1705121045558.2893,1705121045961.8345,1705121045963.9492,1705121045963.95,[],52,0
fn269_1,1705121045961.1191,1705121045990.5688,1705121045962.2207,1705121045962.4607,1705121045962.4998,1705121045962.4998,1705121045968.2722,1705121045968.7139,1705121045987.55,1705121045989.6409,1705121045989.6414,[],0,0
fn267_1,1705121045948.7744,1705121045995.0627,1705121045949.6333,1705121045949.8674,1705121045949.896,1705121045949.8962,1705121045955.843,1705121045955.4395,1705121045990.939,1705121045994.324,1705121045994.3245,[],59,0
fn268_1,1705121045953.5012,1705121046000.8494,1705121045954.3367,1705121045954.567,1705121045954.6016,1705121045954.6018,1705121045964.2544,1705121045964.8403,1705121045981.616,1705121045985.2944,1705121045985.2952,[],69,0
fn271_1,1705121045990.6228,1705121046003.6458,1705121045991.8608,1705121045992.0566,1705121045992.1018,1705121045992.1018,1705121045998.334,1705121045998.0237,1705121045998.1562,1705121046002.9749,1705121046002.9753,[],0,0
fn274_1,1705121046003.6868,1705121046019.1567,1705121046004.4485,1705121046004.6843,1705121046004.721,1705121046004.7212,1705121046010.5247,1705121046011.06,1705121046014.5862,1705121046018.2117,1705121046018.2122,[],0,0
fn273_1,1705121046000.8838,1705121046024.0056,1705121046001.8289,1705121046002.1135,1705121046002.1584,1705121046002.1587,1705121046009.1978,1705121046009.7444,1705121046020.3552,1705121046023.3499,1705121046023.3503,[],44,0
fn276_1,1705121046024.0422,1705121046035.5867,1705121046024.8508,1705121046025.0798,1705121046025.1187,1705121046025.119,1705121046031.1025,1705121046030.9458,1705121046030.9827,1705121046034.8152,1705121046034.8154,[],1,0
fn270_1,1705121045964.7053,1705121046039.3018,1705121045965.727,1705121045965.953,1705121045965.9915,1705121045965.9915,1705121045972.9526,1705121045973.3235,1705121046035.4045,1705121046038.5056,1705121046038.5063,[],77,0
fn278_1,1705121046039.3347,1705121046052.9265,1705121046040.171,1705121046040.3464,1705121046040.374,1705121046040.374,1705121046046.2046,1705121046046.807,1705121046047.376,1705121046051.8906,1705121046051.891,[],14,0
fn279_1,1705121046052.983,1705121046069.0784,1705121046054.2212,1705121046054.4785,1705121046054.5244,1705121046054.5247,1705121046061.0508,1705121046061.5305,1705121046064.3848,1705121046068.0876,1705121046068.0881,[],0,0
fn277_1,1705121046035.6238,1705121046072.5488,1705121046036.4578,1705121046036.6838,1705121046036.737,1705121046036.7373,1705121046044.9023,1705121046045.2183,1705121046068.9387,1705121046071.702,1705121046071.7024,[],73,0
fn272_1,1705121045995.099,1705121046077.6125,1705121045995.951,1705121045996.1482,1705121045996.1824,1705121045996.1826,1705121046003.23,1705121046003.5798,1705121046074.5222,1705121046077.012,1705121046077.0125,[],77,0
fn280_1,1705121046069.135,1705121046084.1196,1705121046070.3909,1705121046070.6445,1705121046070.692,1705121046070.692,1705121046075.742,1705121046076.453,1705121046080.0088,1705121046083.4895,1705121046083.4905,[],0,0
fn283_1,1705121046084.1511,1705121046101.5342,1705121046084.8796,1705121046085.1514,1705121046085.1863,1705121046085.1865,1705121046091.3013,1705121046092.2476,1705121046096.7505,1705121046100.5613,1705121046100.5618,[],21,0
fn282_1,1705121046077.645,1705121046148.576,1705121046078.3447,1705121046078.7139,1705121046078.8164,1705121046078.8167,1705121046093.887,1705121046094.8423,1705121046143.7153,1705121046147.4321,1705121046147.4329,['requests_toolbelt'],70,0
fn284_1,1705121046101.589,1705121046160.271,1705121046102.814,1705121046103.176,1705121046103.2217,1705121046103.222,1705121046113.5898,1705121046115.572,1705121046139.8357,1705121046144.9539,1705121046144.9543,[],69,0
fn285_1,1705121046148.6372,1705121046162.959,1705121046149.9124,1705121046150.1904,1705121046150.2446,1705121046150.2449,1705121046157.0703,1705121046157.535,1705121046157.6133,1705121046162.279,1705121046162.2795,[],21,0
fn286_1,1705121046160.3274,1705121046214.7146,1705121046161.5112,1705121046161.7908,1705121046161.8242,1705121046161.8242,1705121046176.0835,1705121046176.4797,1705121046211.1785,1705121046213.8254,1705121046213.826,['requests_toolbelt'],70,0
fn287_1,1705121046163.0012,1705121046224.7368,1705121046163.9963,1705121046164.3274,1705121046164.37,1705121046164.37,1705121046174.7644,1705121046177.085,1705121046201.6248,1705121046206.572,1705121046206.5725,[],69,0
fn264_1,1705121045893.0173,1705121046226.4692,1705121045894.0342,1705121045894.2693,1705121045894.3123,1705121045894.3125,1705121045902.948,1705121045903.15,1705121046221.817,1705121046224.5325,1705121046224.5332,[],29,0
fn288_1,1705121046214.7722,1705121046227.2637,1705121046215.7117,1705121046215.9653,1705121046216.0366,1705121046216.0369,1705121046221.8906,1705121046221.6167,1705121046221.655,1705121046225.5168,1705121046225.5176,[],59,0
fn289_1,1705121046224.7957,1705121046243.5437,1705121046227.9993,1705121046228.2446,1705121046228.2937,1705121046228.294,1705121046236.9412,1705121046237.6702,1705121046237.9143,1705121046242.6584,1705121046242.659,[],74,0
fn275_1,1705121046019.2104,1705121046261.4355,1705121046020.413,1705121046020.71,1705121046020.756,1705121046020.7566,1705121046029.2852,1705121046030.2493,1705121046258.5344,1705121046260.5356,1705121046260.5364,[],8,0
fn292_1,1705121046243.5906,1705121046266.1797,1705121046244.7102,1705121046245.0364,1705121046245.071,1705121046245.0713,1705121046251.2,1705121046252.7583,1705121046261.619,1705121046265.262,1705121046265.2625,[],21,0
fn294_1,1705121046266.2256,1705121046281.0242,1705121046267.29,1705121046267.4932,1705121046267.5342,1705121046267.5342,1705121046272.93,1705121046273.188,1705121046276.7695,1705121046280.2275,1705121046280.228,[],0,0
fn291_1,1705121046227.295,1705121046285.1936,1705121046228.1497,1705121046228.558,1705121046228.5938,1705121046228.5938,1705121046242.6543,1705121046243.4148,1705121046281.2803,1705121046284.4194,1705121046284.42,['requests_toolbelt'],70,0
fn293_1,1705121046261.4998,1705121046295.5686,1705121046262.7117,1705121046263.2605,1705121046263.3208,1705121046263.321,1705121046268.9414,1705121046270.5789,1705121046292.7312,1705121046294.866,1705121046294.8662,[],0,0
fn296_1,1705121046285.238,1705121046300.0225,1705121046286.238,1705121046286.459,1705121046286.5017,1705121046286.502,1705121046292.089,1705121046292.9238,1705121046292.9707,1705121046299.4094,1705121046299.41,[],0,0
fn298_1,1705121046300.0562,1705121046311.8884,1705121046300.8855,1705121046301.086,1705121046301.1152,1705121046301.1152,1705121046307.8042,1705121046307.565,1705121046307.6028,1705121046311.283,1705121046311.2834,[],1,0
fn299_1,1705121046311.92,1705121046341.4695,1705121046312.6335,1705121046312.8542,1705121046312.9312,1705121046312.9314,1705121046319.6646,1705121046319.624,1705121046338.174,1705121046340.6604,1705121046340.661,[],73,0
fn295_1,1705121046281.066,1705121046344.443,1705121046282.1023,1705121046282.3247,1705121046282.3638,1705121046282.364,1705121046289.2048,1705121046289.0073,1705121046340.6133,1705121046343.8416,1705121046343.842,[],29,0
fn301_1,1705121046344.4836,1705121046406.5684,1705121046345.365,1705121046345.5903,1705121046345.6338,1705121046345.6338,1705121046372.3835,1705121046373.1653,1705121046389.0107,1705121046392.6936,1705121046392.6943,[],69,0
fn300_1,1705121046341.5093,1705121046413.9888,1705121046342.4573,1705121046342.8967,1705121046342.9507,1705121046342.9507,1705121046374.552,1705121046375.7703,1705121046410.1216,1705121046413.1191,1705121046413.1196,['requests_toolbelt'],70,0
fn297_1,1705121046295.6128,1705121046415.1055,1705121046296.5618,1705121046296.8225,1705121046296.8645,1705121046296.8647,1705121046302.888,1705121046304.1875,1705121046409.4702,1705121046412.6375,1705121046412.6382,[],14,0
fn302_1,1705121046406.609,1705121046420.689,1705121046407.5515,1705121046407.8074,1705121046407.884,1705121046407.8843,1705121046414.0393,1705121046413.842,1705121046416.9626,1705121046420.0027,1705121046420.0034,[],0,0
fn304_1,1705121046415.1555,1705121046443.152,1705121046416.172,1705121046416.4272,1705121046416.4636,1705121046416.4636,1705121046422.7036,1705121046424.3438,1705121046438.4014,1705121046442.1377,1705121046442.1382,[],44,0
fn305_1,1705121046420.7307,1705121046446.507,1705121046421.7073,1705121046421.934,1705121046421.972,1705121046421.9722,1705121046427.6243,1705121046428.841,1705121046443.0273,1705121046445.768,1705121046445.7686,[],44,0
fn307_1,1705121046446.55,1705121046470.3342,1705121046447.577,1705121046447.8364,1705121046447.876,1705121046447.876,1705121046467.6086,1705121046454.9363,1705121046455.8823,1705121046469.1008,1705121046469.1013,[],44,0
fn290_1,1705121046226.5122,1705121046471.479,1705121046228.1091,1705121046228.3691,1705121046228.4026,1705121046228.4028,1705121046236.6816,1705121046237.2258,1705121046467.2764,1705121046469.296,1705121046469.2964,[],8,0
fn303_1,1705121046414.0435,1705121046483.4539,1705121046416.2534,1705121046416.4763,1705121046416.5168,1705121046416.517,1705121046422.0754,1705121046422.4507,1705121046480.3728,1705121046482.702,1705121046482.7024,[],77,0
fn309_1,1705121046471.52,1705121046494.7144,1705121046472.2976,1705121046472.537,1705121046472.58,1705121046472.58,1705121046478.203,1705121046478.408,1705121046491.3752,1705121046493.8518,1705121046493.8523,[],0,0
fn308_1,1705121046470.3906,1705121046534.4492,1705121046472.3203,1705121046472.5664,1705121046472.594,1705121046472.5942,1705121046482.982,1705121046485.1218,1705121046510.121,1705121046515.1714,1705121046515.1719,[],69,0
fn306_1,1705121046443.209,1705121046536.7747,1705121046444.434,1705121046444.7524,1705121046444.8018,1705121046444.802,1705121046452.2878,1705121046452.7668,1705121046533.3196,1705121046536.0095,1705121046536.01,[],19,0
fn312_1,1705121046534.509,1705121046558.2808,1705121046535.849,1705121046536.1013,1705121046536.1567,1705121046536.157,1705121046543.7808,1705121046543.5852,1705121046553.529,1705121046557.228,1705121046557.2285,[],34,0
fn310_1,1705121046483.4888,1705121046578.0466,1705121046484.2695,1705121046484.6238,1705121046484.6616,1705121046484.6619,1705121046490.836,1705121046491.7197,1705121046574.4294,1705121046577.0508,1705121046577.0515,[],41,0
fn313_1,1705121046536.8215,1705121046595.6562,1705121046537.8662,1705121046538.1003,1705121046538.1414,1705121046538.1414,1705121046543.7878,1705121046543.7131,1705121046592.4907,1705121046594.8335,1705121046594.834,[],77,0
fn315_1,1705121046578.106,1705121046598.3962,1705121046579.3958,1705121046579.651,1705121046579.701,1705121046579.7012,1705121046586.0396,1705121046586.6895,1705121046594.4058,1705121046597.628,1705121046597.6287,[],0,0
fn314_1,1705121046558.3372,1705121046648.1997,1705121046559.608,1705121046559.8618,1705121046559.9324,1705121046559.9329,1705121046566.6025,1705121046566.8323,1705121046643.0837,1705121046647.0598,1705121046647.0605,[],34,0
fn316_1,1705121046595.6975,1705121046650.3242,1705121046596.6218,1705121046597.0222,1705121046597.0742,1705121046597.0745,1705121046611.5903,1705121046612.6316,1705121046646.7786,1705121046649.6304,1705121046649.631,['requests_toolbelt'],70,0
fn318_1,1705121046648.2612,1705121046662.3,1705121046649.5747,1705121046649.8284,1705121046649.8855,1705121046649.8857,1705121046654.678,1705121046655.8203,1705121046655.9832,1705121046661.4905,1705121046661.491,[],0,0
fn319_1,1705121046650.3564,1705121046677.1519,1705121046651.1248,1705121046651.2935,1705121046651.3218,1705121046651.3218,1705121046658.8562,1705121046659.4036,1705121046674.334,1705121046676.4807,1705121046676.4812,[],0,0
fn281_1,1705121046072.5925,1705121046682.3533,1705121046073.6282,1705121046073.8804,1705121046073.925,1705121046073.925,1705121046082.3245,1705121046082.7554,1705121046678.796,1705121046681.5771,1705121046681.5776,[],52,0
fn321_1,1705121046677.1882,1705121046690.957,1705121046677.984,1705121046678.2754,1705121046678.3154,1705121046678.3157,1705121046685.2075,1705121046685.687,1705121046686.9272,1705121046690.146,1705121046690.1465,[],44,0
fn320_1,1705121046662.3442,1705121046749.3367,1705121046663.5046,1705121046663.7546,1705121046663.7925,1705121046663.7927,1705121046669.786,1705121046670.9448,1705121046746.1455,1705121046748.4773,1705121046748.4778,[],21,0
fn311_1,1705121046494.7869,1705121046757.1267,1705121046495.898,1705121046496.102,1705121046496.137,1705121046496.137,1705121046502.8599,1705121046503.3213,1705121046753.502,1705121046756.2212,1705121046756.222,[],8,0
fn324_1,1705121046749.3767,1705121046765.2156,1705121046750.2698,1705121046750.5247,1705121046750.5754,1705121046750.5757,1705121046756.6052,1705121046756.3398,1705121046761.4663,1705121046764.4058,1705121046764.4062,[],0,0
fn325_1,1705121046757.1853,1705121046771.3965,1705121046758.382,1705121046758.6475,1705121046758.7478,1705121046758.748,1705121046764.7126,1705121046764.662,1705121046764.8489,1705121046770.5842,1705121046770.585,[],0,0
fn326_1,1705121046765.2537,1705121046777.7422,1705121046766.0364,1705121046766.2354,1705121046766.264,1705121046766.264,1705121046771.4832,1705121046771.3103,1705121046774.0574,1705121046777.071,1705121046777.0718,[],0,0
fn327_1,1705121046771.4443,1705121046806.5288,1705121046772.541,1705121046772.7551,1705121046772.7952,1705121046772.7954,1705121046780.384,1705121046780.7285,1705121046800.795,1705121046805.4304,1705121046805.4314,[],1,0
fn328_1,1705121046777.7788,1705121046827.6465,1705121046778.5908,1705121046778.852,1705121046778.888,1705121046778.8882,1705121046789.1565,1705121046790.23,1705121046808.0728,1705121046812.074,1705121046812.075,[],69,0
fn330_1,1705121046827.698,1705121046842.8247,1705121046828.5894,1705121046828.7844,1705121046828.8206,1705121046828.8206,1705121046834.6426,1705121046834.4985,1705121046839.6338,1705121046842.026,1705121046842.0264,[],0,0
fn331_1,1705121046842.8738,1705121046856.306,1705121046843.8313,1705121046844.0732,1705121046844.1165,1705121046844.1167,1705121046850.2307,1705121046850.2065,1705121046852.8325,1705121046855.514,1705121046855.5144,['requests_toolbelt'],0,0
fn323_1,1705121046690.988,1705121046873.0386,1705121046691.7566,1705121046691.9575,1705121046691.9832,1705121046691.9832,1705121046697.5906,1705121046698.1301,1705121046870.2039,1705121046872.2566,1705121046872.2573,[],68,0
fn332_1,1705121046856.3462,1705121046895.2405,1705121046857.2021,1705121046857.455,1705121046857.4995,1705121046857.4998,1705121046863.044,1705121046863.1157,1705121046892.0098,1705121046894.3816,1705121046894.382,[],58,0
fn317_1,1705121046598.4426,1705121046904.63,1705121046599.5303,1705121046599.793,1705121046599.8643,1705121046599.8645,1705121046607.7646,1705121046608.8064,1705121046901.7393,1705121046903.8464,1705121046903.847,[],1,0
fn333_1,1705121046873.0781,1705121046913.8884,1705121046873.9392,1705121046874.2432,1705121046874.3115,1705121046874.3118,1705121046881.3806,1705121046881.9028,1705121046910.2603,1705121046913.1582,1705121046913.1587,[],44,0
fn335_1,1705121046904.685,1705121046919.8242,1705121046905.6025,1705121046905.8242,1705121046905.8591,1705121046905.8594,1705121046911.9827,1705121046912.5989,1705121046916.1047,1705121046919.1191,1705121046919.1196,[],68,0
fn322_1,1705121046682.407,1705121046925.0708,1705121046683.5251,1705121046683.7893,1705121046683.8418,1705121046683.842,1705121046690.386,1705121046692.035,1705121046921.5503,1705121046924.2188,1705121046924.2195,[],68,0
fn336_1,1705121046913.9307,1705121046926.4897,1705121046914.783,1705121046914.951,1705121046914.978,1705121046914.9783,1705121046922.1873,1705121046921.6646,1705121046921.7,1705121046925.675,1705121046925.6758,[],1,0
fn337_1,1705121046919.8633,1705121046935.0513,1705121046920.6736,1705121046920.9177,1705121046920.9465,1705121046920.9465,1705121046926.5142,1705121046926.1626,1705121046931.3987,1705121046934.3782,1705121046934.379,[],0,0
fn338_1,1705121046925.1301,1705121046941.0632,1705121046927.2852,1705121046927.5225,1705121046927.5586,1705121046927.5588,1705121046933.1794,1705121046933.694,1705121046937.025,1705121046940.3376,1705121046940.3384,[],0,0
fn340_1,1705121046935.0813,1705121046946.693,1705121046935.7861,1705121046936.0234,1705121046936.0674,1705121046936.0676,1705121046942.25,1705121046942.1394,1705121046942.4236,1705121046946.1184,1705121046946.119,[],14,0
fn341_1,1705121046941.1055,1705121046954.6384,1705121046942.1526,1705121046942.38,1705121046942.4204,1705121046942.4207,1705121046950.8271,1705121046949.581,1705121046949.6436,1705121046953.9873,1705121046953.988,[],74,0
fn339_1,1705121046926.5312,1705121046956.035,1705121046927.36,1705121046927.5574,1705121046927.5833,1705121046927.5833,1705121046934.683,1705121046936.59,1705121046952.3564,1705121046955.335,1705121046955.3354,[],44,0
fn334_1,1705121046895.284,1705121046959.6924,1705121046896.2393,1705121046896.6477,1705121046896.702,1705121046896.7021,1705121046910.6292,1705121046911.6682,1705121046955.5747,1705121046958.9338,1705121046958.9346,['requests_toolbelt'],70,0
fn344_1,1705121046956.0723,1705121046970.8477,1705121046956.9614,1705121046957.1677,1705121046957.2175,1705121046957.2178,1705121046964.2268,1705121046964.1655,1705121046964.4666,1705121046969.878,1705121046969.8787,[],0,0
fn345_1,1705121046959.7295,1705121046986.2295,1705121046960.587,1705121046960.8281,1705121046960.8738,1705121046960.8738,1705121046969.6807,1705121046969.24,1705121046981.6177,1705121046985.4265,1705121046985.427,[],44,0
fn347_1,1705121046986.272,1705121047001.1987,1705121046987.3118,1705121046987.607,1705121046987.6492,1705121046987.6494,1705121046994.323,1705121046995.4226,1705121046995.4827,1705121046999.674,1705121046999.6748,[],79,0
fn342_1,1705121046946.7454,1705121047007.5571,1705121046947.4736,1705121046947.802,1705121046947.8418,1705121046947.842,1705121046959.7805,1705121046960.4185,1705121046984.2915,1705121046989.2324,1705121046989.2334,[],69,0
fn343_1,1705121046954.6685,1705121047018.6538,1705121046955.7063,1705121046956.2007,1705121046956.2825,1705121046956.2825,1705121046971.974,1705121046974.685,1705121047014.3735,1705121047017.7874,1705121047017.788,['requests_toolbelt'],70,0
fn348_1,1705121047001.2466,1705121047061.3145,1705121047002.2812,1705121047002.6736,1705121047002.7925,1705121047002.7927,1705121047020.7468,1705121047022.246,1705121047057.4312,1705121047060.2302,1705121047060.2307,['requests_toolbelt'],70,0
fn351_1,1705121047061.3738,1705121047074.392,1705121047062.5469,1705121047062.7527,1705121047062.7957,1705121047062.7961,1705121047069.1838,1705121047069.1313,1705121047069.1685,1705121047073.5232,1705121047073.5237,[],0,0
fn352_1,1705121047074.4468,1705121047088.8274,1705121047075.721,1705121047076.0012,1705121047076.046,1705121047076.0461,1705121047083.1655,1705121047083.7542,1705121047084.6895,1705121047088.0737,1705121047088.0745,[],44,0
fn329_1,1705121046806.5857,1705121047176.4985,1705121046807.9094,1705121046808.2334,1705121046808.2922,1705121046808.2927,1705121046817.1355,1705121046819.0376,1705121047173.6943,1705121047175.6367,1705121047175.6372,[],66,0
fn354_1,1705121047176.553,1705121047214.617,1705121047177.5015,1705121047177.773,1705121047177.838,1705121047177.8381,1705121047209.9983,1705121047210.2183,1705121047210.4197,1705121047213.8337,1705121047213.8342,[],14,0
fn355_1,1705121047214.6602,1705121047258.8953,1705121047215.5261,1705121047215.749,1705121047215.7773,1705121047215.7776,1705121047225.3037,1705121047226.2583,1705121047241.856,1705121047245.4475,1705121047245.4478,[],69,0
fn346_1,1705121046970.8914,1705121047341.7505,1705121046971.8704,1705121046972.1116,1705121046972.15,1705121046972.15,1705121046980.5674,1705121046981.1401,1705121047338.672,1705121047340.676,1705121047340.6768,[],52,0
fn357_1,1705121047341.8206,1705121047404.6023,1705121047343.1687,1705121047343.3772,1705121047343.4148,1705121047343.415,1705121047382.8364,1705121047382.4917,1705121047401.281,1705121047403.7888,1705121047403.7893,[],73,0
fn353_1,1705121047088.8713,1705121047454.547,1705121047089.7507,1705121047090.001,1705121047090.04,1705121047090.0403,1705121047108.0583,1705121047099.8481,1705121047450.7812,1705121047453.5122,1705121047453.513,[],46,0
fn358_1,1705121047404.6477,1705121047456.0195,1705121047405.576,1705121047405.825,1705121047405.8896,1705121047405.89,1705121047450.2007,1705121047449.9443,1705121047451.894,1705121047455.1562,1705121047455.1567,[],59,0
fn359_1,1705121047454.6094,1705121047511.8928,1705121047456.9226,1705121047457.136,1705121047457.1711,1705121047457.1714,1705121047463.645,1705121047463.1465,1705121047508.783,1705121047510.887,1705121047510.8877,[],0,0
fn360_1,1705121047456.0518,1705121047530.7583,1705121047456.8523,1705121047457.2122,1705121047457.2527,1705121047457.253,1705121047463.6375,1705121047464.1252,1705121047526.5376,1705121047529.8784,1705121047529.879,[],59,0
fn356_1,1705121047258.9368,1705121047542.26,1705121047259.807,1705121047260.0737,1705121047260.1204,1705121047260.1204,1705121047298.5686,1705121047298.3333,1705121047539.6145,1705121047541.5508,1705121047541.5513,[],1,0
fn361_1,1705121047511.94,1705121047556.378,1705121047512.8628,1705121047513.0405,1705121047513.0798,1705121047513.0798,1705121047548.905,1705121047550.1387,1705121047550.1396,1705121047555.4453,1705121047555.4458,[],0,0
fn363_1,1705121047542.3003,1705121047560.4673,1705121047543.1748,1705121047543.4307,1705121047543.483,1705121047543.483,1705121047553.326,1705121047553.824,1705121047553.8716,1705121047559.639,1705121047559.6394,[],0,0
fn364_1,1705121047556.429,1705121047570.1143,1705121047557.514,1705121047557.755,1705121047557.796,1705121047557.7961,1705121047564.6975,1705121047564.968,1705121047565.025,1705121047569.354,1705121047569.3545,[],21,0
fn362_1,1705121047530.804,1705121047571.3572,1705121047531.8042,1705121047532.101,1705121047532.1545,1705121047532.1548,1705121047554.6548,1705121047555.6997,1705121047567.208,1705121047570.0693,1705121047570.0698,[],44,0
fn365_1,1705121047560.5093,1705121047642.5037,1705121047561.5583,1705121047561.8052,1705121047561.8481,1705121047561.8484,1705121047567.9001,1705121047568.5667,1705121047638.2817,1705121047641.4001,1705121047641.401,[],77,0
fn367_1,1705121047571.4067,1705121047682.327,1705121047572.1675,1705121047572.4385,1705121047572.4788,1705121047572.479,1705121047578.0793,1705121047578.9067,1705121047679.1204,1705121047681.5247,1705121047681.525,[],0,0
fn350_1,1705121047018.7092,1705121047690.578,1705121047019.9053,1705121047020.1943,1705121047020.2693,1705121047020.2695,1705121047027.2263,1705121047027.7102,1705121047687.8376,1705121047689.7563,1705121047689.7568,[],19,0
fn368_1,1705121047642.5579,1705121047707.534,1705121047643.809,1705121047644.073,1705121047644.1267,1705121047644.127,1705121047678.4697,1705121047678.448,1705121047703.26,1705121047706.4941,1705121047706.495,[],21,0
fn371_1,1705121047707.5889,1705121047723.5793,1705121047708.8008,1705121047709.0852,1705121047709.129,1705121047709.1292,1705121047715.0889,1705121047715.538,1705121047719.1467,1705121047722.6895,1705121047722.69,[],0,0
fn369_1,1705121047682.374,1705121047740.6665,1705121047683.371,1705121047683.7883,1705121047683.844,1705121047683.8442,1705121047698.1257,1705121047699.2158,1705121047737.2021,1705121047739.9087,1705121047739.9092,['requests_toolbelt'],70,0
fn370_1,1705121047690.6287,1705121047747.115,1705121047691.7305,1705121047691.9917,1705121047692.0369,1705121047692.037,1705121047697.9695,1705121047698.0403,1705121047744.1765,1705121047746.3562,1705121047746.3567,[],0,0
fn349_1,1705121047007.6106,1705121047748.2031,1705121047008.6775,1705121047008.9192,1705121047008.96,1705121047008.9602,1705121047020.4534,1705121047019.4387,1705121047745.292,1705121047747.3633,1705121047747.3638,[],67,0
fn373_1,1705121047740.7092,1705121047755.5774,1705121047741.6167,1705121047741.9414,1705121047741.9893,1705121047741.9897,1705121047749.236,1705121047749.825,1705121047751.5952,1705121047754.898,1705121047754.899,[],44,0
fn374_1,1705121047747.1523,1705121047760.3179,1705121047748.887,1705121047749.1223,1705121047749.1572,1705121047749.1572,1705121047755.662,1705121047755.2185,1705121047755.2646,1705121047759.659,1705121047759.6594,[],14,0
fn377_1,1705121047760.3525,1705121047772.9534,1705121047761.1929,1705121047761.419,1705121047761.461,1705121047761.4612,1705121047768.0813,1705121047767.381,1705121047767.6726,1705121047772.0425,1705121047772.043,[],0,0
fn375_1,1705121047748.2527,1705121047805.8423,1705121047749.0872,1705121047749.4304,1705121047749.4631,1705121047749.4634,1705121047762.1187,1705121047765.8633,1705121047801.828,1705121047804.989,1705121047804.9897,['requests_toolbelt'],70,0
fn376_1,1705121047755.6091,1705121047811.4062,1705121047756.3684,1705121047756.6633,1705121047756.6934,1705121047756.6936,1705121047772.33,1705121047773.0488,1705121047807.8318,1705121047810.4792,1705121047810.4797,['requests_toolbelt'],70,0
fn380_1,1705121047811.4585,1705121047824.5356,1705121047812.6565,1705121047812.8796,1705121047812.9517,1705121047812.952,1705121047818.5872,1705121047818.3667,1705121047821.006,1705121047823.683,1705121047823.6836,[],0,0
fn378_1,1705121047772.9883,1705121047825.6765,1705121047773.8508,1705121047774.228,1705121047774.306,1705121047774.3062,1705121047784.4258,1705121047785.8013,1705121047821.7073,1705121047824.6008,1705121047824.6013,['requests_toolbelt'],70,0
fn381_1,1705121047824.5896,1705121047853.4753,1705121047826.5305,1705121047826.84,1705121047826.8726,1705121047826.8728,1705121047833.698,1705121047833.3198,1705121047849.0483,1705121047852.6055,1705121047852.6062,[],1,0
fn366_1,1705121047570.1577,1705121047865.8367,1705121047572.1748,1705121047572.3953,1705121047572.4275,1705121047572.4277,1705121047579.611,1705121047580.3938,1705121047862.1702,1705121047864.8767,1705121047864.8772,[],46,0
fn383_1,1705121047853.522,1705121047867.3987,1705121047854.474,1705121047854.7861,1705121047854.8389,1705121047854.839,1705121047862.1204,1705121047861.963,1705121047862.0046,1705121047865.7068,1705121047865.7073,[],74,0
fn379_1,1705121047805.8882,1705121047871.1072,1705121047806.872,1705121047807.1326,1705121047807.1863,1705121047807.1863,1705121047814.2832,1705121047814.2446,1705121047867.0193,1705121047870.372,1705121047870.3728,[],29,0
fn385_1,1705121047867.432,1705121047880.764,1705121047868.3076,1705121047868.5425,1705121047868.583,1705121047868.5833,1705121047876.41,1705121047876.2236,1705121047876.2683,1705121047880.0146,1705121047880.0151,[],29,0
fn382_1,1705121047825.7092,1705121047886.2124,1705121047826.4934,1705121047826.8147,1705121047826.8567,1705121047826.857,1705121047832.3958,1705121047832.7705,1705121047882.993,1705121047885.4824,1705121047885.483,[],77,0
fn384_1,1705121047865.9119,1705121047898.3474,1705121047868.2373,1705121047868.4565,1705121047868.4878,1705121047868.488,1705121047876.6401,1705121047878.0974,1705121047893.235,1705121047897.2063,1705121047897.207,[],44,0
fn389_1,1705121047898.408,1705121047911.5598,1705121047899.761,1705121047900.0154,1705121047900.0864,1705121047900.0867,1705121047905.848,1705121047905.6604,1705121047905.837,1705121047910.507,1705121047910.5073,[],0,0
fn387_1,1705121047880.8013,1705121047941.1345,1705121047881.6333,1705121047881.9854,1705121047882.027,1705121047882.0273,1705121047892.1995,1705121047893.4338,1705121047916.2083,1705121047921.4753,1705121047921.476,[],69,0
fn390_1,1705121047911.6204,1705121047955.2102,1705121047912.8948,1705121047913.1597,1705121047913.215,1705121047913.2153,1705121047919.0618,1705121047918.989,1705121047951.9385,1705121047954.4087,1705121047954.4092,['git'],0,0
fn391_1,1705121047941.1963,1705121047957.0615,1705121047942.5298,1705121047942.8225,1705121047942.8823,1705121047942.8826,1705121047949.375,1705121047950.152,1705121047950.6294,1705121047956.4287,1705121047956.4292,[],0,0
fn388_1,1705121047886.2605,1705121047957.945,1705121047887.0652,1705121047887.4248,1705121047887.4626,1705121047887.463,1705121047901.5671,1705121047904.855,1705121047953.8237,1705121047956.7847,1705121047956.785,['requests_toolbelt'],70,0
fn392_1,1705121047955.2502,1705121047998.6377,1705121047956.202,1705121047956.4512,1705121047956.4995,1705121047956.4998,1705121047962.1746,1705121047962.5378,1705121047995.2788,1705121047997.7693,1705121047997.77,['git'],0,0
fn395_1,1705121047998.6804,1705121048012.7554,1705121047999.7073,1705121048000.021,1705121048000.076,1705121048000.0762,1705121048007.5554,1705121048008.0234,1705121048008.3708,1705121048011.967,1705121048011.9675,[],44,0
fn396_1,1705121048012.8008,1705121048024.5168,1705121048013.667,1705121048013.8662,1705121048013.9006,1705121048013.9006,1705121048019.3542,1705121048019.318,1705121048019.3613,1705121048023.7712,1705121048023.772,[],0,0
fn397_1,1705121048024.558,1705121048039.7656,1705121048025.4412,1705121048025.6992,1705121048025.742,1705121048025.7422,1705121048032.5544,1705121048032.3538,1705121048035.694,1705121048038.9895,1705121048038.99,[],29,0
fn372_1,1705121047723.6294,1705121048053.1606,1705121047724.7957,1705121047725.079,1705121047725.1233,1705121047725.1235,1705121047733.4934,1705121047734.5212,1705121048049.4846,1705121048052.197,1705121048052.1978,[],8,0
fn399_1,1705121048053.23,1705121048068.0007,1705121048054.5393,1705121048054.8154,1705121048054.874,1705121048054.8743,1705121048061.0186,1705121048061.404,1705121048061.4514,1705121048067.126,1705121048067.1265,[],0,0
fn400_1,1705121048068.0532,1705121048092.877,1705121048069.2432,1705121048069.5017,1705121048069.544,1705121048069.5442,1705121048075.6677,1705121048075.838,1705121048088.448,1705121048091.8547,1705121048091.8552,[],0,0
fn398_1,1705121048039.8054,1705121048113.8337,1705121048040.6904,1705121048040.9773,1705121048041.0435,1705121048041.0437,1705121048046.8286,1705121048046.9385,1705121048109.5342,1705121048112.8076,1705121048112.808,[],58,0
fn386_1,1705121047871.1492,1705121048121.8281,1705121047872.1494,1705121047872.4119,1705121047872.4487,1705121047872.449,1705121047880.2688,1705121047879.8481,1705121048119.0034,1705121048120.977,1705121048120.9778,[],8,0
fn401_1,1705121048092.9353,1705121048123.353,1705121048094.1777,1705121048094.4807,1705121048094.532,1705121048094.5325,1705121048102.8806,1705121048104.265,1705121048118.4312,1705121048122.0774,1705121048122.078,[],44,0
fn394_1,1705121047957.974,1705121048140.369,1705121047958.7761,1705121047958.9814,1705121047959.0203,1705121047959.0203,1705121047966.4153,1705121047966.5781,1705121048137.759,1705121048139.6716,1705121048139.6724,[],73,0
fn403_1,1705121048121.8892,1705121048157.0095,1705121048124.0894,1705121048124.3105,1705121048124.3464,1705121048124.3464,1705121048148.0986,1705121048149.2815,1705121048153.609,1705121048156.2312,1705121048156.232,[],0,0
fn404_1,1705121048123.3887,1705121048159.3152,1705121048124.1814,1705121048124.3462,1705121048124.376,1705121048124.3762,1705121048152.5093,1705121048152.7559,1705121048152.8015,1705121048158.5042,1705121048158.5046,[],0,0
fn393_1,1705121047957.0981,1705121048174.7927,1705121047958.829,1705121047959.0874,1705121047959.1252,1705121047959.1255,1705121047966.3337,1705121047968.2625,1705121048172.0105,1705121048173.886,1705121048173.8865,[],68,0
fn407_1,1705121048159.3577,1705121048177.3599,1705121048160.408,1705121048160.658,1705121048160.6948,1705121048160.6948,1705121048168.7852,1705121048170.1138,1705121048172.0679,1705121048176.6133,1705121048176.6138,[],44,0
fn406_1,1705121048157.0508,1705121048179.838,1705121048157.8928,1705121048158.0918,1705121048158.12,1705121048158.1204,1705121048163.7473,1705121048165.4514,1705121048175.9775,1705121048179.3047,1705121048179.3054,[],44,0
fn408_1,1705121048174.8591,1705121048189.989,1705121048176.053,1705121048176.2961,1705121048176.3694,1705121048176.3696,1705121048182.605,1705121048183.3582,1705121048183.4062,1705121048189.2156,1705121048189.216,[],0,0
fn402_1,1705121048113.8928,1705121048197.7922,1705121048115.1956,1705121048115.6172,1705121048115.67,1705121048115.6702,1705121048151.236,1705121048152.1785,1705121048194.4016,1705121048197.115,1705121048197.1155,['requests_toolbelt'],70,0
fn411_1,1705121048190.0315,1705121048211.268,1705121048191.0544,1705121048191.2925,1705121048191.328,1705121048191.328,1705121048197.349,1705121048197.9084,1705121048207.8396,1705121048210.5703,1705121048210.5708,[],44,0
fn405_1,1705121048140.4077,1705121048218.354,1705121048141.2927,1705121048141.8887,1705121048141.9385,1705121048141.9385,1705121048149.945,1705121048151.308,1705121048214.8474,1705121048217.5479,1705121048217.5483,[],2,0
fn413_1,1705121048211.304,1705121048226.8696,1705121048212.094,1705121048216.2954,1705121048216.377,1705121048216.377,1705121048221.8083,1705121048221.848,1705121048221.8835,1705121048226.2556,1705121048226.256,[],0,0
fn409_1,1705121048177.4045,1705121048246.5056,1705121048178.3616,1705121048178.7124,1705121048178.7637,1705121048178.7637,1705121048194.0913,1705121048196.5977,1705121048243.0593,1705121048245.7378,1705121048245.7383,['requests_toolbelt'],70,0
fn412_1,1705121048197.8403,1705121048247.9675,1705121048198.7551,1705121048198.9553,1705121048198.9817,1705121048198.9817,1705121048204.2815,1705121048204.4595,1705121048243.442,1705121048246.6316,1705121048246.632,[],58,0
fn414_1,1705121048218.4194,1705121048285.6846,1705121048219.5334,1705121048219.863,1705121048219.8984,1705121048219.8987,1705121048236.836,1705121048237.1301,1705121048280.913,1705121048284.555,1705121048284.5557,['requests_toolbelt'],70,0
fn417_1,1705121048248.0132,1705121048302.414,1705121048249.049,1705121048249.4236,1705121048249.4666,1705121048249.4668,1705121048262.8574,1705121048264.2485,1705121048299.079,1705121048301.6902,1705121048301.6907,['requests_toolbelt'],70,0
fn419_1,1705121048302.4524,1705121048369.3704,1705121048303.394,1705121048303.6914,1705121048303.7395,1705121048303.74,1705121048325.6064,1705121048326.0146,1705121048366.025,1705121048368.4858,1705121048368.4863,[],73,0
fn410_1,1705121048179.8662,1705121048378.5027,1705121048180.5208,1705121048180.7803,1705121048180.8127,1705121048180.813,1705121048191.206,1705121048191.2356,1705121048375.8623,1705121048377.7632,1705121048377.7637,[],68,0
fn418_1,1705121048285.7522,1705121048407.1733,1705121048287.1309,1705121048287.404,1705121048287.4514,1705121048287.4517,1705121048321.9697,1705121048322.8582,1705121048402.8691,1705121048406.076,1705121048406.0767,[],77,0
fn422_1,1705121048407.2332,1705121048422.8555,1705121048408.502,1705121048408.7466,1705121048408.8154,1705121048408.8157,1705121048415.2563,1705121048415.5151,1705121048416.111,1705121048421.8516,1705121048421.852,[],0,0
fn420_1,1705121048369.411,1705121048430.5945,1705121048370.3052,1705121048370.7207,1705121048370.8452,1705121048370.8452,1705121048383.7715,1705121048386.576,1705121048426.8516,1705121048429.7954,1705121048429.7964,['requests_toolbelt'],70,0
fn421_1,1705121048378.5535,1705121048434.6968,1705121048379.449,1705121048379.722,1705121048379.7617,1705121048379.7617,1705121048393.1714,1705121048394.493,1705121048431.409,1705121048434.1174,1705121048434.118,['requests_toolbelt'],70,0
fn423_1,1705121048422.91,1705121048439.1016,1705121048424.1106,1705121048424.3984,1705121048424.4412,1705121048424.4414,1705121048432.158,1705121048433.3728,1705121048433.4194,1705121048438.2852,1705121048438.2856,[],41,0
fn425_1,1705121048434.7483,1705121048459.2131,1705121048435.5095,1705121048435.71,1705121048435.737,1705121048435.7373,1705121048442.1914,1705121048442.7893,1705121048455.644,1705121048458.29,1705121048458.2905,[],68,0
fn424_1,1705121048430.647,1705121048466.4036,1705121048431.8108,1705121048432.0469,1705121048432.0894,1705121048432.0896,1705121048440.2341,1705121048439.262,1705121048461.6404,1705121048465.5525,1705121048465.5535,[],29,0
fn426_1,1705121048439.1467,1705121048468.4424,1705121048440.4316,1705121048440.7024,1705121048440.7336,1705121048440.734,1705121048447.9758,1705121048449.2004,1705121048464.131,1705121048467.8774,1705121048467.878,[],44,0
fn427_1,1705121048459.2598,1705121048470.8457,1705121048460.369,1705121048460.565,1705121048460.604,1705121048460.6042,1705121048466.508,1705121048466.378,1705121048466.4253,1705121048470.2063,1705121048470.2068,[],19,0
fn415_1,1705121048226.9062,1705121048492.8875,1705121048227.6572,1705121048227.9043,1705121048227.959,1705121048227.959,1705121048235.468,1705121048235.9734,1705121048489.695,1705121048491.6514,1705121048491.6519,[],8,0
fn429_1,1705121048468.4724,1705121048493.6538,1705121048469.1733,1705121048469.432,1705121048469.4702,1705121048469.4705,1705121048478.742,1705121048479.2375,1705121048489.1926,1705121048492.0398,1705121048492.0403,[],44,0
fn416_1,1705121048246.5547,1705121048495.7031,1705121048248.9636,1705121048249.1902,1705121048249.2295,1705121048249.2297,1705121048257.5713,1705121048258.0427,1705121048492.2795,1705121048494.9614,1705121048494.9622,[],1,0
fn431_1,1705121048492.94,1705121048509.4539,1705121048494.8513,1705121048495.073,1705121048495.108,1705121048495.1082,1705121048499.536,1705121048501.131,1705121048506.1733,1705121048508.6628,1705121048508.6638,[],0,0
fn433_1,1705121048495.737,1705121048511.8835,1705121048496.4778,1705121048496.664,1705121048496.708,1705121048496.708,1705121048503.8647,1705121048504.226,1705121048507.7786,1705121048511.2659,1705121048511.2664,[],0,0
fn430_1,1705121048470.876,1705121048525.367,1705121048471.672,1705121048471.9775,1705121048472.019,1705121048472.0193,1705121048482.8528,1705121048484.0493,1705121048501.5308,1705121048506.4038,1705121048506.4043,[],69,0
fn428_1,1705121048466.4514,1705121048531.6272,1705121048467.5828,1705121048467.959,1705121048468.0005,1705121048468.0007,1705121048484.1353,1705121048486.7651,1705121048528.1018,1705121048530.8037,1705121048530.8042,['requests_toolbelt'],70,0
fn436_1,1705121048525.4172,1705121048538.1287,1705121048526.5598,1705121048526.857,1705121048526.9001,1705121048526.9004,1705121048532.8186,1705121048532.7166,1705121048532.752,1705121048537.4636,1705121048537.464,[],0,0
fn437_1,1705121048531.6992,1705121048547.742,1705121048532.9243,1705121048533.1519,1705121048533.1914,1705121048533.192,1705121048540.1694,1705121048539.7188,1705121048543.5312,1705121048546.8826,1705121048546.8833,[],0,0
fn432_1,1705121048493.704,1705121048552.817,1705121048494.8398,1705121048495.1968,1705121048495.2288,1705121048495.2288,1705121048505.0867,1705121048507.0215,1705121048529.7869,1705121048534.3137,1705121048534.3145,[],69,0
fn438_1,1705121048538.1653,1705121048557.5286,1705121048539.035,1705121048539.2568,1705121048539.3003,1705121048539.3005,1705121048545.2527,1705121048545.115,1705121048554.4663,1705121048556.9407,1705121048556.9412,[],0,0
fn441_1,1705121048557.5623,1705121048571.9436,1705121048558.3196,1705121048558.4915,1705121048558.5173,1705121048558.5176,1705121048566.0464,1705121048566.1172,1705121048566.183,1705121048571.0278,1705121048571.0283,[],29,0
fn434_1,1705121048509.5017,1705121048573.5488,1705121048510.4182,1705121048510.7144,1705121048510.7698,1705121048510.77,1705121048526.6448,1705121048527.9734,1705121048569.5776,1705121048572.7893,1705121048572.7896,['requests_toolbelt'],70,0
fn442_1,1705121048571.991,1705121048593.996,1705121048573.1648,1705121048573.4263,1705121048573.4648,1705121048573.465,1705121048579.1042,1705121048579.0051,1705121048590.9575,1705121048593.236,1705121048593.2363,[],0,0
fn444_1,1705121048594.0442,1705121048608.1729,1705121048595.1582,1705121048595.4133,1705121048595.4646,1705121048595.4648,1705121048602.3918,1705121048602.721,1705121048603.9446,1705121048607.3027,1705121048607.3032,[],78,0
fn445_1,1705121048608.2236,1705121048619.9255,1705121048609.4028,1705121048609.5774,1705121048609.6067,1705121048609.6067,1705121048614.9587,1705121048614.792,1705121048614.8296,1705121048619.1663,1705121048619.167,[],0,0
fn446_1,1705121048619.9707,1705121048665.7134,1705121048621.0928,1705121048621.4324,1705121048621.4697,1705121048621.47,1705121048630.8176,1705121048631.8335,1705121048647.497,1705121048651.151,1705121048651.1514,[],69,0
fn443_1,1705121048573.5986,1705121048696.87,1705121048574.393,1705121048574.6555,1705121048574.6929,1705121048574.693,1705121048582.4934,1705121048584.0957,1705121048693.1091,1705121048695.766,1705121048695.7668,[],44,0
fn435_1,1705121048511.9148,1705121048699.5325,1705121048512.646,1705121048512.825,1705121048512.8608,1705121048512.861,1705121048520.5127,1705121048521.4622,1705121048696.2305,1705121048698.7776,1705121048698.778,[],68,0
fn447_1,1705121048665.7627,1705121048713.402,1705121048666.7468,1705121048667.0244,1705121048667.0806,1705121048667.0808,1705121048698.2207,1705121048697.7273,1705121048710.1257,1705121048712.6545,1705121048712.655,[],0,0
fn448_1,1705121048696.9285,1705121048748.104,1705121048698.1653,1705121048698.5452,1705121048698.5864,1705121048698.5867,1705121048704.132,1705121048705.4048,1705121048744.9978,1705121048747.177,1705121048747.1772,[],58,0
fn450_1,1705121048713.4404,1705121048759.1624,1705121048714.2722,1705121048714.627,1705121048714.677,1705121048714.6772,1705121048724.2751,1705121048725.3394,1705121048740.9675,1705121048744.6516,1705121048744.6519,[],69,0
fn452_1,1705121048759.2039,1705121048772.625,1705121048760.097,1705121048760.317,1705121048760.3467,1705121048760.3467,1705121048767.1946,1705121048767.6145,1705121048768.551,1705121048771.893,1705121048771.8936,[],44,0
fn449_1,1705121048699.5886,1705121048774.5571,1705121048700.6257,1705121048700.8298,1705121048700.8582,1705121048700.8584,1705121048708.4019,1705121048709.2083,1705121048770.6428,1705121048773.7805,1705121048773.7812,[],58,0
fn451_1,1705121048748.1511,1705121048799.8977,1705121048749.0833,1705121048749.446,1705121048749.5,1705121048749.5005,1705121048760.0986,1705121048760.9158,1705121048777.8147,1705121048781.7703,1705121048781.771,[],69,0
fn440_1,1705121048552.8677,1705121048810.3425,1705121048553.6392,1705121048553.8286,1705121048553.8555,1705121048553.8555,1705121048562.034,1705121048562.5032,1705121048807.6257,1705121048809.6182,1705121048809.6187,[],8,0
fn456_1,1705121048810.3838,1705121048822.3743,1705121048811.2576,1705121048811.4373,1705121048811.4663,1705121048811.4663,1705121048818.289,1705121048817.9536,1705121048818.0005,1705121048821.651,1705121048821.6514,[],29,0
fn453_1,1705121048772.6653,1705121048832.253,1705121048773.5356,1705121048773.807,1705121048773.8474,1705121048773.8477,1705121048780.158,1705121048780.082,1705121048828.886,1705121048831.5842,1705121048831.5847,[],19,0
fn439_1,1705121048547.7917,1705121048833.2815,1705121048548.9353,1705121048549.1978,1705121048549.2385,1705121048549.2388,1705121048556.4077,1705121048557.6895,1705121048830.2083,1705121048832.155,1705121048832.1555,[],8,0
fn455_1,1705121048799.9548,1705121048836.371,1705121048801.176,1705121048801.4373,1705121048801.4883,1705121048801.4885,1705121048807.887,1705121048808.1533,1705121048832.8706,1705121048835.6787,1705121048835.6792,[],0,0
fn459_1,1705121048833.3345,1705121048845.6987,1705121048834.1797,1705121048834.3477,1705121048834.3823,1705121048834.3823,1705121048838.6284,1705121048839.9656,1705121048840.0007,1705121048845.0928,1705121048845.0935,[],0,0
fn460_1,1705121048836.4097,1705121048850.464,1705121048837.3354,1705121048837.512,1705121048837.5405,1705121048837.5405,1705121048845.3245,1705121048844.7258,1705121048844.7722,1705121048849.6738,1705121048849.6746,[],1,0
fn458_1,1705121048832.2883,1705121048858.7578,1705121048834.046,1705121048834.2336,1705121048834.272,1705121048834.2722,1705121048842.5383,1705121048842.3604,1705121048854.933,1705121048857.7378,1705121048857.7383,[],0,0
fn462_1,1705121048850.5117,1705121048864.584,1705121048851.5823,1705121048851.7817,1705121048851.8157,1705121048851.8157,1705121048858.009,1705121048858.1887,1705121048860.5237,1705121048863.876,1705121048863.8765,[],59,0
fn464_1,1705121048864.6265,1705121048877.047,1705121048865.5806,1705121048865.8142,1705121048865.8528,1705121048865.853,1705121048871.1582,1705121048871.2415,1705121048873.8416,1705121048876.4197,1705121048876.42,[],0,0
fn465_1,1705121048877.084,1705121048888.4966,1705121048877.8308,1705121048878.012,1705121048878.0405,1705121048878.0408,1705121048883.2876,1705121048883.2246,1705121048883.674,1705121048887.864,1705121048887.8645,[],0,0
fn457_1,1705121048822.4124,1705121048889.9307,1705121048823.2808,1705121048823.5518,1705121048823.599,1705121048823.5994,1705121048829.2043,1705121048829.6855,1705121048886.6802,1705121048889.337,1705121048889.3374,[],14,0
fn467_1,1705121048889.9612,1705121048903.3525,1705121048890.6172,1705121048890.812,1705121048890.84,1705121048890.84,1705121048897.5996,1705121048897.5676,1705121048899.534,1705121048902.603,1705121048902.6035,[],21,0
fn466_1,1705121048888.5322,1705121048915.0994,1705121048889.3022,1705121048889.5095,1705121048889.5422,1705121048889.5425,1705121048893.6797,1705121048894.9324,1705121048911.814,1705121048914.166,1705121048914.1665,[],21,0
fn468_1,1705121048903.401,1705121048926.1687,1705121048904.2136,1705121048904.395,1705121048904.4214,1705121048904.4214,1705121048910.1162,1705121048910.134,1705121048923.0657,1705121048925.4495,1705121048925.4502,[],0,0
fn469_1,1705121048915.1526,1705121048964.6875,1705121048916.2961,1705121048916.6355,1705121048916.6968,1705121048916.6968,1705121048927.0718,1705121048928.284,1705121048944.4192,1705121048948.1973,1705121048948.1978,[],69,0
fn470_1,1705121048926.2058,1705121048971.8247,1705121048927.1438,1705121048927.4785,1705121048927.5222,1705121048927.5225,1705121048935.9805,1705121048936.9604,1705121048952.7207,1705121048956.4658,1705121048956.4663,[],69,0
fn472_1,1705121048971.8628,1705121048982.8992,1705121048972.731,1705121048972.958,1705121048973.0042,1705121048973.0044,1705121048978.8013,1705121048978.545,1705121048978.5815,1705121048982.1072,1705121048982.108,[],59,0
fn473_1,1705121048982.942,1705121049000.1438,1705121048983.8284,1705121048984.1072,1705121048984.1536,1705121048984.1538,1705121048992.2761,1705121048993.3018,1705121048994.6042,1705121048999.071,1705121048999.0718,[],44,0
fn471_1,1705121048964.7488,1705121049024.1628,1705121048965.998,1705121048966.2195,1705121048966.265,1705121048966.265,1705121048972.759,1705121048972.092,1705121049020.745,1705121049023.1248,1705121049023.1252,[],77,0
fn475_1,1705121049024.225,1705121049038.3323,1705121049025.448,1705121049025.6658,1705121049025.711,1705121049025.711,1705121049031.3518,1705121049031.452,1705121049034.7715,1705121049037.4336,1705121049037.434,[],0,0
fn461_1,1705121048845.7312,1705121049041.9048,1705121048846.466,1705121048846.7817,1705121048846.8196,1705121048846.8198,1705121048853.4277,1705121048854.685,1705121049038.5613,1705121049041.1672,1705121049041.1682,[],68,0
fn474_1,1705121049000.2048,1705121049044.5884,1705121049001.4744,1705121049001.7793,1705121049001.8271,1705121049001.8274,1705121049009.3855,1705121049009.9797,1705121049040.82,1705121049043.9294,1705121049043.93,[],73,0
fn477_1,1705121049041.9448,1705121049078.2966,1705121049042.8503,1705121049043.074,1705121049043.1118,1705121049043.1123,1705121049049.2334,1705121049048.9866,1705121049075.3457,1705121049077.4827,1705121049077.4832,[],0,0
fn463_1,1705121048858.8057,1705121049085.897,1705121048859.9631,1705121048860.215,1705121048860.251,1705121048860.2512,1705121048867.148,1705121048868.4727,1705121049083.079,1705121049085.1204,1705121049085.1208,[],68,0
fn479_1,1705121049078.3428,1705121049090.6494,1705121049079.3132,1705121049079.5745,1705121049079.6436,1705121049079.6438,1705121049085.3784,1705121049085.3804,1705121049085.4265,1705121049090.02,1705121049090.0205,[],0,0
fn476_1,1705121049038.386,1705121049093.5457,1705121049039.6265,1705121049039.878,1705121049039.922,1705121049039.9224,1705121049047.0464,1705121049046.211,1705121049090.1094,1705121049092.785,1705121049092.7854,[],21,0
fn454_1,1705121048774.6016,1705121049096.3972,1705121048775.699,1705121048775.9592,1705121048775.9963,1705121048775.9963,1705121048784.1135,1705121048785.3577,1705121049093.3787,1705121049095.7588,1705121049095.759,[],8,0
fn480_1,1705121049085.9382,1705121049098.7974,1705121049086.8276,1705121049087.0527,1705121049087.0935,1705121049087.0938,1705121049093.1338,1705121049092.6277,1705121049092.9644,1705121049098.09,1705121049098.0903,[],0,0
fn478_1,1705121049044.6272,1705121049105.915,1705121049045.525,1705121049045.766,1705121049045.8054,1705121049045.8054,1705121049056.493,1705121049058.564,1705121049082.5603,1705121049087.5623,1705121049087.563,[],69,0
fn483_1,1705121049096.455,1705121049110.6145,1705121049097.4736,1705121049097.7168,1705121049097.7534,1705121049097.7537,1705121049107.0537,1705121049106.0327,1705121049106.076,1705121049109.8574,1705121049109.8577,[],74,0
fn482_1,1705121049093.5903,1705121049116.0247,1705121049094.613,1705121049094.8408,1705121049094.8757,1705121049094.876,1705121049101.8374,1705121049102.5964,1705121049112.2114,1705121049115.2688,1705121049115.2693,[],19,0
fn485_1,1705121049105.9722,1705121049118.624,1705121049107.1687,1705121049107.3398,1705121049107.3672,1705121049107.3672,1705121049114.3867,1705121049114.0903,1705121049114.1484,1705121049117.877,1705121049117.8772,[],21,0
fn486_1,1705121049110.6584,1705121049122.948,1705121049111.6975,1705121049111.8896,1705121049111.9158,1705121049111.9158,1705121049117.5212,1705121049117.6162,1705121049117.67,1705121049122.332,1705121049122.3333,[],0,0
fn489_1,1705121049122.9792,1705121049145.3071,1705121049123.7114,1705121049124.185,1705121049124.2148,1705121049124.2148,1705121049129.6592,1705121049129.6238,1705121049141.4124,1705121049144.4624,1705121049144.463,[],0,0
fn484_1,1705121049098.838,1705121049158.4287,1705121049099.8013,1705121049100.1445,1705121049100.1948,1705121049100.1948,1705121049116.3508,1705121049118.3838,1705121049154.6343,1705121049157.4312,1705121049157.4316,['requests_toolbelt'],70,0
fn490_1,1705121049145.348,1705121049159.913,1705121049146.2268,1705121049146.457,1705121049146.5212,1705121049146.5215,1705121049154.856,1705121049154.4473,1705121049154.4883,1705121049158.35,1705121049158.3506,[],1,0
fn492_1,1705121049159.9534,1705121049175.023,1705121049163.6733,1705121049163.928,1705121049163.9832,1705121049163.9834,1705121049168.1694,1705121049169.3213,1705121049169.4739,1705121049174.0198,1705121049174.0203,[],0,0
fn491_1,1705121049158.4846,1705121049177.2817,1705121049163.7383,1705121049163.9368,1705121049164.0278,1705121049164.0278,1705121049171.784,1705121049171.69,1705121049171.831,1705121049176.6772,1705121049176.6777,[],0,0
fn494_1,1705121049177.3164,1705121049188.7693,1705121049178.053,1705121049178.2512,1705121049178.276,1705121049178.2761,1705121049183.603,1705121049183.549,1705121049183.6052,1705121049187.99,1705121049187.9907,[],0,0
fn495_1,1705121049188.8154,1705121049285.2559,1705121049189.8716,1705121049190.048,1705121049190.075,1705121049190.075,1705121049195.3513,1705121049195.2659,1705121049281.4363,1705121049284.3867,1705121049284.3875,[],0,0
fn496_1,1705121049285.2952,1705121049408.793,1705121049286.1997,1705121049286.4172,1705121049286.4731,1705121049286.4731,1705121049326.4119,1705121049326.939,1705121049404.5305,1705121049407.6833,1705121049407.684,[],77,0
fn493_1,1705121049175.0833,1705121049412.8604,1705121049176.2803,1705121049176.4722,1705121049176.5005,1705121049176.5007,1705121049184.9478,1705121049183.7559,1705121049410.074,1705121049412.0933,1705121049412.0935,[],66,0
fn487_1,1705121049116.0679,1705121049441.3896,1705121049117.0425,1705121049117.264,1705121049117.313,1705121049117.3132,1705121049125.69,1705121049125.3955,1705121049438.4097,1705121049440.5212,1705121049440.5217,[],29,0
fn481_1,1705121049090.6855,1705121049458.1592,1705121049091.5312,1705121049091.751,1705121049091.8057,1705121049091.806,1705121049099.8828,1705121049100.3853,1705121049454.3015,1705121049457.156,1705121049457.157,[],12,0
fn497_1,1705121049408.8528,1705121049459.703,1705121049410.1191,1705121049410.4185,1705121049410.4692,1705121049410.4695,1705121049439.335,1705121049440.4172,1705121049455.2954,1705121049458.6506,1705121049458.6511,[],44,0
fn501_1,1705121049459.736,1705121049471.9924,1705121049460.5269,1705121049460.7156,1705121049460.7468,1705121049460.747,1705121049466.6753,1705121049466.5237,1705121049466.5686,1705121049471.2007,1705121049471.2012,[],0,0
fn500_1,1705121049458.231,1705121049474.0232,1705121049460.5198,1705121049460.8467,1705121049460.8914,1705121049460.8916,1705121049468.0234,1705121049468.5889,1705121049468.6594,1705121049473.2314,1705121049473.232,[],2,0
fn498_1,1705121049412.9038,1705121049481.34,1705121049413.8906,1705121049414.2175,1705121049414.265,1705121049414.2651,1705121049441.4817,1705121049442.4497,1705121049459.502,1705121049463.5188,1705121049463.5195,[],69,0
fn502_1,1705121049472.0344,1705121049484.827,1705121049472.9307,1705121049473.13,1705121049473.163,1705121049473.1633,1705121049479.714,1705121049479.6765,1705121049479.7126,1705121049484.2305,1705121049484.231,[],0,0
fn503_1,1705121049474.067,1705121049489.2942,1705121049475.0571,1705121049475.2937,1705121049475.3284,1705121049475.3284,1705121049482.2014,1705121049483.7397,1705121049483.789,1705121049488.5876,1705121049488.5881,[],41,0
fn505_1,1705121049484.857,1705121049495.4822,1705121049485.585,1705121049485.7937,1705121049485.8303,1705121049485.8306,1705121049490.3608,1705121049489.8877,1705121049489.923,1705121049494.8943,1705121049494.8945,[],0,0
fn504_1,1705121049481.3735,1705121049496.3909,1705121049482.197,1705121049482.3975,1705121049482.4248,1705121049482.4248,1705121049486.165,1705121049487.4495,1705121049492.6292,1705121049495.4258,1705121049495.4265,[],0,0
fn499_1,1705121049441.4482,1705121049501.2002,1705121049442.4556,1705121049442.8882,1705121049442.931,1705121049442.9312,1705121049457.4924,1705121049458.111,1705121049497.4214,1705121049500.4978,1705121049500.4985,['requests_toolbelt'],70,0
fn506_1,1705121049489.334,1705121049502.802,1705121049490.3274,1705121049490.5305,1705121049490.565,1705121049490.5652,1705121049496.4783,1705121049496.1833,1705121049499.0154,1705121049502.2297,1705121049502.2302,[],0,0
fn507_1,1705121049495.514,1705121049543.6748,1705121049497.208,1705121049497.5427,1705121049497.5818,1705121049497.5818,1705121049508.6973,1705121049509.3767,1705121049525.8257,1705121049529.5684,1705121049529.5688,[],69,0
fn509_1,1705121049501.237,1705121049558.051,1705121049501.9604,1705121049502.164,1705121049502.193,1705121049502.1934,1705121049510.844,1705121049509.9292,1705121049554.4912,1705121049557.267,1705121049557.2676,['git'],44,0
fn512_1,1705121049558.096,1705121049600.5396,1705121049559.091,1705121049559.2883,1705121049559.3203,1705121049559.3203,1705121049583.3704,1705121049582.3496,1705121049596.5325,1705121049599.6868,1705121049599.6873,[],47,0
fn513_1,1705121049600.581,1705121049613.3699,1705121049601.4724,1705121049601.7373,1705121049601.7896,1705121049601.7898,1705121049607.8298,1705121049607.6711,1705121049607.7085,1705121049612.2493,1705121049612.2498,[],0,0
fn511_1,1705121049543.7346,1705121049625.044,1705121049545.0032,1705121049545.3132,1705121049545.3547,1705121049545.3547,1705121049583.4028,1705121049584.4795,1705121049621.3936,1705121049624.0957,1705121049624.0962,['requests_toolbelt'],70,0
fn514_1,1705121049613.4204,1705121049626.2273,1705121049614.3054,1705121049614.506,1705121049614.55,1705121049614.55,1705121049620.3608,1705121049620.1956,1705121049620.234,1705121049624.797,1705121049624.798,[],0,0
fn515_1,1705121049625.0955,1705121049638.9395,1705121049627.015,1705121049627.2334,1705121049627.273,1705121049627.273,1705121049633.6145,1705121049633.4614,1705121049633.8445,1705121049638.1848,1705121049638.1853,[],0,0
fn516_1,1705121049626.2715,1705121049673.8662,1705121049627.1118,1705121049627.4878,1705121049627.54,1705121049627.5403,1705121049637.1646,1705121049638.2686,1705121049656.081,1705121049659.7664,1705121049659.767,[],69,0
fn518_1,1705121049673.9285,1705121049687.007,1705121049675.1873,1705121049675.3853,1705121049675.4214,1705121049675.4214,1705121049681.138,1705121049680.9238,1705121049683.577,1705121049686.1675,1705121049686.168,[],0,0
fn517_1,1705121049638.9788,1705121049696.8247,1705121049639.7861,1705121049640.0425,1705121049640.0708,1705121049640.0708,1705121049655.21,1705121049656.4414,1705121049693.32,1705121049696.0107,1705121049696.0112,['requests_toolbelt'],70,0
fn519_1,1705121049687.062,1705121049698.3953,1705121049688.2368,1705121049688.4321,1705121049688.4666,1705121049688.4668,1705121049694.1257,1705121049694.0703,1705121049694.1387,1705121049697.6562,1705121049697.6567,[],21,0
fn521_1,1705121049698.4375,1705121049727.3582,1705121049699.2075,1705121049699.4648,1705121049699.5085,1705121049699.5088,1705121049706.8398,1705121049707.6743,1705121049722.4263,1705121049726.232,1705121049726.2324,[],44,0
fn520_1,1705121049696.8784,1705121049730.581,1705121049698.0833,1705121049698.2712,1705121049698.3,1705121049698.3005,1705121049705.4504,1705121049703.7827,1705121049727.069,1705121049729.8237,1705121049729.8242,[],79,0
fn523_1,1705121049730.6277,1705121049751.3027,1705121049731.6636,1705121049731.8665,1705121049731.8958,1705121049731.896,1705121049737.8467,1705121049738.5059,1705121049747.0068,1705121049750.3418,1705121049750.3423,[],0,0
fn508_1,1705121049496.4202,1705121049752.9597,1705121049497.1682,1705121049497.4346,1705121049497.4758,1705121049497.476,1705121049504.3794,1705121049504.9998,1705121049750.289,1705121049752.2053,1705121049752.2058,[],68,0
fn525_1,1705121049753.0027,1705121049766.2964,1705121049753.7913,1705121049753.9678,1705121049753.9995,1705121049753.9998,1705121049760.6113,1705121049760.701,1705121049760.7495,1705121049765.4263,1705121049765.4268,[],34,0
fn526_1,1705121049766.3442,1705121049788.503,1705121049767.422,1705121049767.6646,1705121049767.7314,1705121049767.7317,1705121049773.7234,1705121049774.441,1705121049784.342,1705121049787.5947,1705121049787.5955,[],0,0
fn522_1,1705121049727.4172,1705121049806.2068,1705121049728.6765,1705121049728.9998,1705121049729.0535,1705121049729.054,1705121049735.8079,1705121049736.2795,1705121049803.115,1705121049805.3564,1705121049805.357,[],19,0
fn524_1,1705121049751.3564,1705121049833.8608,1705121049752.5632,1705121049752.9573,1705121049753.0427,1705121049753.0427,1705121049764.0703,1705121049762.446,1705121049829.8877,1705121049832.8875,1705121049832.888,[],41,0
fn510_1,1705121049502.8318,1705121049870.2737,1705121049503.4688,1705121049503.661,1705121049503.698,1705121049503.698,1705121049515.8027,1705121049518.6008,1705121049867.3481,1705121049869.1174,1705121049869.118,['nbsphinx'],44,0
fn529_1,1705121049833.918,1705121049897.1123,1705121049835.156,1705121049835.4758,1705121049835.5544,1705121049835.555,1705121049883.0266,1705121049883.3965,1705121049893.3298,1705121049896.073,1705121049896.074,[],44,0
fn530_1,1705121049870.3347,1705121049920.2024,1705121049871.6328,1705121049871.92,1705121049871.9753,1705121049871.9756,1705121049886.1384,1705121049886.6025,1705121049915.8416,1705121049919.212,1705121049919.2126,[],73,0
fn532_1,1705121049920.2617,1705121049935.7961,1705121049921.4639,1705121049921.723,1705121049921.7693,1705121049921.7695,1705121049929.4058,1705121049929.8428,1705121049930.0613,1705121049934.8564,1705121049934.8572,[],1,0
fn533_1,1705121049935.8508,1705121049950.7944,1705121049937.0315,1705121049937.2876,1705121049937.3313,1705121049937.3315,1705121049944.7822,1705121049944.7954,1705121049944.8474,1705121049949.7427,1705121049949.7432,[],1,0
fn534_1,1705121049950.8542,1705121049965.9426,1705121049952.0806,1705121049952.3406,1705121049952.3845,1705121049952.3848,1705121049958.854,1705121049959.2185,1705121049959.267,1705121049964.946,1705121049964.9465,[],0,0
fn488_1,1705121049118.6687,1705121049982.0146,1705121049119.6953,1705121049120.0532,1705121049120.0842,1705121049120.0845,1705121049127.226,1705121049130.9155,1705121049979.2012,1705121049981.1392,1705121049981.1396,[],67,0
fn527_1,1705121049788.5552,1705121049993.8784,1705121049789.7024,1705121049790.0137,1705121049790.0923,1705121049790.0925,1705121049797.5232,1705121049798.9473,1705121049990.4182,1705121049993.0632,1705121049993.064,[],68,0
fn535_1,1705121049966.0002,1705121049995.5889,1705121049967.2527,1705121049967.627,1705121049967.6902,1705121049967.6904,1705121049975.7341,1705121049976.9275,1705121049991.633,1705121049994.9038,1705121049994.9043,[],44,0
fn537_1,1705121049993.9456,1705121050006.3877,1705121049995.2053,1705121049995.5105,1705121049995.5562,1705121049995.5564,1705121050000.9465,1705121050000.9407,1705121050001.0247,1705121050005.5537,1705121050005.5542,[],0,0
fn538_1,1705121049995.629,1705121050008.732,1705121049996.3965,1705121049996.5955,1705121049996.6333,1705121049996.6335,1705121050003.0535,1705121050003.2617,1705121050003.3247,1705121050008.0095,1705121050008.01,[],21,0
fn539_1,1705121050006.4363,1705121050018.6313,1705121050007.5747,1705121050007.8418,1705121050007.879,1705121050007.879,1705121050014.199,1705121050014.062,1705121050014.6292,1705121050017.8628,1705121050017.8635,[],21,0
fn540_1,1705121050008.7751,1705121050025.0618,1705121050009.8174,1705121050010.066,1705121050010.109,1705121050010.109,1705121050018.146,1705121050018.6973,1705121050018.9907,1705121050024.293,1705121050024.2935,[],74,0
fn541_1,1705121050018.6743,1705121050029.3943,1705121050019.6877,1705121050019.8486,1705121050019.8745,1705121050019.8745,1705121050026.1228,1705121050025.2468,1705121050025.2964,1705121050028.722,1705121050028.7224,[],21,0
fn528_1,1705121049806.2593,1705121050216.4695,1705121049807.5242,1705121049807.8694,1705121049807.9133,1705121049807.9133,1705121049816.3977,1705121049818.3994,1705121050213.376,1705121050215.3254,1705121050215.3262,[],52,0
fn536_1,1705121049982.079,1705121050228.4883,1705121049983.3054,1705121049983.515,1705121049983.5474,1705121049983.5476,1705121049990.4746,1705121049991.1858,1705121050225.7305,1705121050227.7136,1705121050227.714,[],1,0
fn544_1,1705121050216.5317,1705121050277.136,1705121050217.7268,1705121050217.973,1705121050218.0234,1705121050218.0234,1705121050249.9155,1705121050250.3057,1705121050274.0005,1705121050276.151,1705121050276.1516,[],0,0
fn546_1,1705121050277.1938,1705121050300.5295,1705121050278.4246,1705121050278.6758,1705121050278.7207,1705121050278.721,1705121050284.9692,1705121050284.8838,1705121050296.7185,1705121050299.5256,1705121050299.5261,[],21,0
fn542_1,1705121050025.105,1705121050302.1372,1705121050026.2456,1705121050026.6028,1705121050026.6438,1705121050026.6438,1705121050033.8933,1705121050036.0076,1705121050298.6409,1705121050301.3372,1705121050301.3381,['nbsphinx'],44,0
fn545_1,1705121050228.5315,1705121050306.4688,1705121050229.4429,1705121050229.6829,1705121050229.7183,1705121050229.7183,1705121050257.6062,1705121050259.8535,1705121050283.866,1705121050288.9077,1705121050288.9082,[],69,0
fn548_1,1705121050302.1738,1705121050315.1313,1705121050303.0935,1705121050303.3167,1705121050303.3853,1705121050303.3855,1705121050309.409,1705121050309.0454,1705121050311.782,1705121050314.4443,1705121050314.4448,[],0,0
fn549_1,1705121050306.5093,1705121050319.279,1705121050307.5005,1705121050307.7136,1705121050307.7517,1705121050307.7517,1705121050314.8423,1705121050314.5498,1705121050314.5874,1705121050318.5369,1705121050318.5374,[],29,0
fn547_1,1705121050300.5874,1705121050331.684,1705121050301.773,1705121050302.0706,1705121050302.1592,1705121050302.1594,1705121050309.4172,1705121050310.9128,1705121050327.2197,1705121050330.887,1705121050330.8877,[],44,0
fn551_1,1705121050319.32,1705121050355.4795,1705121050320.3523,1705121050320.5786,1705121050320.6125,1705121050320.6128,1705121050327.5632,1705121050327.6262,1705121050351.2869,1705121050354.5852,1705121050354.5857,[],73,0
fn531_1,1705121049897.1702,1705121050357.6118,1705121049898.44,1705121049898.7107,1705121049898.7812,1705121049898.7815,1705121049905.9417,1705121049905.9897,1705121050354.3916,1705121050356.873,1705121050356.8735,[],12,0
fn552_1,1705121050331.7292,1705121050360.048,1705121050332.756,1705121050333.0166,1705121050333.0547,1705121050333.055,1705121050340.605,1705121050341.8005,1705121050356.0154,1705121050359.4731,1705121050359.4736,[],44,0
fn550_1,1705121050315.1665,1705121050383.2668,1705121050315.9595,1705121050316.2532,1705121050316.2932,1705121050316.2935,1705121050322.4922,1705121050323.422,1705121050380.5383,1705121050382.637,1705121050382.6375,[],41,0
fn555_1,1705121050360.0867,1705121050400.1165,1705121050360.768,1705121050360.9866,1705121050361.023,1705121050361.023,1705121050394.5027,1705121050394.8884,1705121050395.9116,1705121050399.3525,1705121050399.353,[],44,0
fn557_1,1705121050400.1665,1705121050410.8364,1705121050401.032,1705121050401.2156,1705121050401.2422,1705121050401.2422,1705121050406.4966,1705121050406.4832,1705121050406.8137,1705121050410.1733,1705121050410.1738,[],50,0
fn556_1,1705121050383.2974,1705121050426.6104,1705121050383.9873,1705121050384.2454,1705121050384.285,1705121050384.2852,1705121050397.05,1705121050398.3003,1705121050422.5056,1705121050425.7244,1705121050425.725,[],50,0
fn553_1,1705121050355.528,1705121050443.9272,1705121050356.6548,1705121050357.0588,1705121050357.1028,1705121050357.1033,1705121050400.1895,1705121050400.941,1705121050439.7478,1705121050443.0906,1705121050443.091,['requests_toolbelt'],70,0
fn559_1,1705121050426.6628,1705121050455.2192,1705121050427.867,1705121050428.1116,1705121050428.1792,1705121050428.1792,1705121050434.2783,1705121050434.5889,1705121050451.4504,1705121050454.289,1705121050454.2896,[],0,0
fn558_1,1705121050410.872,1705121050457.163,1705121050411.6746,1705121050412.0146,1705121050412.058,1705121050412.058,1705121050421.6597,1705121050422.712,1705121050439.0437,1705121050442.6694,1705121050442.67,[],69,0
fn562_1,1705121050457.195,1705121050469.02,1705121050457.89,1705121050458.0723,1705121050458.1077,1705121050458.108,1705121050463.5552,1705121050463.4612,1705121050465.1692,1705121050468.3262,1705121050468.3267,[],21,0
fn560_1,1705121050443.9746,1705121050474.9668,1705121050445.031,1705121050445.3037,1705121050445.3438,1705121050445.3438,1705121050453.7568,1705121050454.9841,1705121050470.384,1705121050474.1594,1705121050474.1602,[],44,0
fn563_1,1705121050469.0574,1705121050479.4834,1705121050469.8445,1705121050470.0076,1705121050470.0364,1705121050470.0364,1705121050476.119,1705121050475.3342,1705121050475.37,1705121050478.9138,1705121050478.9143,[],59,0
fn564_1,1705121050475.0115,1705121050487.501,1705121050476.063,1705121050476.307,1705121050476.3433,1705121050476.3435,1705121050483.1128,1705121050483.2798,1705121050483.333,1705121050486.7122,1705121050486.713,[],2,0
fn565_1,1705121050479.5132,1705121050492.9824,1705121050480.2588,1705121050480.4363,1705121050480.463,1705121050480.4631,1705121050486.0454,1705121050486.5234,1705121050486.5715,1705121050492.279,1705121050492.2795,[],0,0
fn567_1,1705121050493.021,1705121050504.3325,1705121050494.0112,1705121050494.2415,1705121050494.276,1705121050494.2761,1705121050499.1082,1705121050499.508,1705121050500.4272,1705121050503.6616,1705121050503.6624,[],44,0
fn568_1,1705121050504.365,1705121050557.7705,1705121050505.1072,1705121050505.359,1705121050505.3965,1705121050505.3965,1705121050511.3286,1705121050511.3682,1705121050554.4692,1705121050556.7852,1705121050556.786,[],0,0
fn561_1,1705121050455.274,1705121050559.6772,1705121050456.461,1705121050456.718,1705121050456.757,1705121050456.7573,1705121050463.535,1705121050463.5303,1705121050541.581,1705121050558.8264,1705121050558.8271,[],73,0
fn569_1,1705121050557.8154,1705121050613.4058,1705121050558.7893,1705121050559.237,1705121050559.2954,1705121050559.2957,1705121050574.4868,1705121050575.6309,1705121050609.7983,1705121050612.507,1705121050612.5076,['requests_toolbelt'],70,0
fn554_1,1705121050357.667,1705121050624.0051,1705121050358.795,1705121050359.0464,1705121050359.0894,1705121050359.0894,1705121050395.7883,1705121050394.8162,1705121050621.2297,1705121050623.2222,1705121050623.223,[],29,0
fn570_1,1705121050559.7222,1705121050650.8784,1705121050560.807,1705121050561.072,1705121050561.1145,1705121050561.115,1705121050568.3618,1705121050569.498,1705121050646.504,1705121050649.7598,1705121050649.7603,[],19,0
fn572_1,1705121050624.0457,1705121050656.9692,1705121050624.8972,1705121050625.1404,1705121050625.1807,1705121050625.181,1705121050641.7808,1705121050642.2925,1705121050653.145,1705121050656.1118,1705121050656.1123,[],44,0
fn574_1,1705121050657.0168,1705121050700.0918,1705121050658.0952,1705121050658.7888,1705121050658.8386,1705121050658.8389,1705121050666.3262,1705121050666.8276,1705121050695.6543,1705121050699.0635,1705121050699.064,[],73,0
fn573_1,1705121050650.9363,1705121050705.4138,1705121050652.2131,1705121050652.507,1705121050652.5566,1705121050652.557,1705121050660.2124,1705121050660.9001,1705121050702.1477,1705121050704.7878,1705121050704.7883,[],44,0
fn576_1,1705121050705.4531,1705121050748.1267,1705121050706.239,1705121050706.5159,1705121050706.559,1705121050706.5593,1705121050713.41,1705121050713.635,1705121050744.7295,1705121050747.2393,1705121050747.2402,[],73,0
fn577_1,1705121050748.1685,1705121050817.9468,1705121050749.0906,1705121050749.392,1705121050749.4438,1705121050749.444,1705121050755.7031,1705121050756.0898,1705121050814.173,1705121050817.06,1705121050817.061,[],59,0
fn543_1,1705121050029.4336,1705121050822.9539,1705121050030.378,1705121050030.8606,1705121050030.8948,1705121050030.8948,1705121050038.3997,1705121050045.2476,1705121050819.9136,1705121050822.2239,1705121050822.2244,[],37,0
fn566_1,1705121050487.541,1705121050851.8538,1705121050488.5994,1705121050488.9128,1705121050488.9517,1705121050488.952,1705121050494.6035,1705121050498.8862,1705121050849.1506,1705121050851.0134,1705121050851.014,['nbsphinx'],44,0
fn571_1,1705121050613.4685,1705121050857.9443,1705121050614.4941,1705121050614.723,1705121050614.7927,1705121050614.793,1705121050638.762,1705121050638.4143,1705121050855.4011,1705121050857.3142,1705121050857.3147,[],1,0
fn580_1,1705121050851.9065,1705121050872.743,1705121050852.8198,1705121050853.0806,1705121050853.131,1705121050853.1313,1705121050868.279,1705121050867.7742,1705121050867.812,1705121050871.4973,1705121050871.4978,[],29,0
fn581_1,1705121050857.9824,1705121050873.8945,1705121050858.7715,1705121050859.051,1705121050859.0984,1705121050859.0984,1705121050864.956,1705121050864.924,1705121050868.3438,1705121050871.8345,1705121050871.8352,[],0,0
fn583_1,1705121050873.9443,1705121050887.31,1705121050874.831,1705121050875.106,1705121050875.151,1705121050875.1511,1705121050880.9236,1705121050880.638,1705121050880.6746,1705121050884.6743,1705121050884.6748,[],59,0
fn579_1,1705121050822.999,1705121050917.9712,1705121050823.865,1705121050824.1697,1705121050824.2053,1705121050824.2053,1705121050876.5437,1705121050877.1184,1705121050914.204,1705121050916.9119,1705121050916.9124,['requests_toolbelt'],70,0
fn578_1,1705121050817.9922,1705121050919.5002,1705121050818.9314,1705121050819.1582,1705121050819.1982,1705121050819.1985,1705121050862.1519,1705121050862.3447,1705121050916.1719,1705121050918.6157,1705121050918.6162,[],77,0
fn585_1,1705121050918.0305,1705121050931.5698,1705121050920.2278,1705121050920.462,1705121050920.5078,1705121050920.508,1705121050924.7556,1705121050926.2156,1705121050926.2527,1705121050930.6875,1705121050930.688,[],0,0
fn584_1,1705121050887.3494,1705121050932.8853,1705121050888.1746,1705121050888.4258,1705121050888.4646,1705121050888.4648,1705121050894.3096,1705121050894.8408,1705121050929.4717,1705121050932.1287,1705121050932.1296,[],21,0
fn575_1,1705121050700.1467,1705121050933.8743,1705121050701.4373,1705121050701.7412,1705121050701.7947,1705121050701.795,1705121050710.1873,1705121050711.519,1705121050928.8115,1705121050932.7305,1705121050932.7312,[],44,0
fn582_1,1705121050872.7996,1705121050954.4983,1705121050874.7783,1705121050875.0837,1705121050875.1355,1705121050875.1357,1705121050882.3308,1705121050882.9304,1705121050951.1396,1705121050953.5483,1705121050953.5493,[],1,0
fn590_1,1705121050954.568,1705121050966.1108,1705121050955.7979,1705121050956.0083,1705121050956.0376,1705121050956.0378,1705121050961.8699,1705121050961.765,1705121050961.954,1705121050965.397,1705121050965.3977,[],50,0
fn589_1,1705121050933.921,1705121050971.3606,1705121050934.8132,1705121050935.0293,1705121050935.072,1705121050935.0723,1705121050941.8645,1705121050942.0803,1705121050967.404,1705121050970.57,1705121050970.5706,[],21,0
fn591_1,1705121050966.1492,1705121050977.278,1705121050966.9993,1705121050967.2285,1705121050967.2627,1705121050967.263,1705121050972.9739,1705121050973.0896,1705121050973.1343,1705121050976.6655,1705121050976.6663,[],14,0
fn593_1,1705121050977.3083,1705121050989.4739,1705121050978.0366,1705121050978.2546,1705121050978.29,1705121050978.2903,1705121050983.591,1705121050983.5527,1705121050986.232,1705121050988.8484,1705121050988.8489,[],0,0
fn587_1,1705121050931.6216,1705121051000.665,1705121050934.793,1705121050935.1382,1705121050935.1716,1705121050935.1716,1705121050951.3616,1705121050952.1516,1705121050996.201,1705121050999.8018,1705121050999.8022,['requests_toolbelt'],70,0
fn594_1,1705121050989.5046,1705121051002.2773,1705121050990.233,1705121050990.4648,1705121050990.5156,1705121050990.5159,1705121050997.4734,1705121050997.662,1705121050997.8765,1705121051001.5417,1705121051001.5422,[],74,0
fn588_1,1705121050932.9312,1705121051011.4932,1705121050934.6616,1705121050934.925,1705121050934.9563,1705121050934.9563,1705121050940.5835,1705121050940.8162,1705121051008.5981,1705121051010.8826,1705121051010.883,[],0,0
fn586_1,1705121050919.5388,1705121051031.9202,1705121050920.377,1705121050920.5674,1705121050920.597,1705121050920.5972,1705121050928.494,1705121050928.3835,1705121051028.9846,1705121051031.1958,1705121051031.1963,[],0,0
fn596_1,1705121051002.3184,1705121051033.5942,1705121051003.1365,1705121051003.3235,1705121051003.3645,1705121051003.3645,1705121051009.4922,1705121051010.0815,1705121051028.9436,1705121051032.8313,1705121051032.8318,[],14,0
fn592_1,1705121050971.4077,1705121051044.5554,1705121050972.4863,1705121050972.7046,1705121050972.7417,1705121050972.742,1705121050979.5872,1705121050979.7947,1705121051041.2312,1705121051043.8748,1705121051043.8752,[],19,0
fn599_1,1705121051033.638,1705121051047.4363,1705121051034.6929,1705121051034.8904,1705121051034.923,1705121051034.923,1705121051040.8206,1705121051040.9658,1705121051041.0125,1705121051046.6433,1705121051046.644,[],0,0
fn600_1,1705121051044.6016,1705121051058.2375,1705121051045.4963,1705121051045.7915,1705121051045.8428,1705121051045.8428,1705121051053.6292,1705121051053.4143,1705121051053.5967,1705121051057.4763,1705121051057.4768,[],1,0
fn598_1,1705121051031.9692,1705121051059.4512,1705121051032.8242,1705121051033.0625,1705121051033.105,1705121051033.1055,1705121051039.4,1705121051039.7214,1705121051055.3816,1705121051058.209,1705121051058.21,[],21,0
fn597_1,1705121051011.5264,1705121051061.3535,1705121051012.275,1705121051012.4768,1705121051012.5022,1705121051012.5022,1705121051022.5122,1705121051023.627,1705121051040.7852,1705121051045.7317,1705121051045.7322,[],69,0
fn595_1,1705121051000.7144,1705121051065.0054,1705121051001.869,1705121051002.1245,1705121051002.1665,1705121051002.1667,1705121051008.2,1705121051008.6184,1705121051061.448,1705121051064.3079,1705121051064.3083,[],19,0
fn603_1,1705121051059.497,1705121051073.6245,1705121051060.559,1705121051060.8074,1705121051060.853,1705121051060.8533,1705121051066.2024,1705121051066.8862,1705121051066.934,1705121051072.8254,1705121051072.8262,[],0,0
fn606_1,1705121051073.674,1705121051089.0342,1705121051074.7769,1705121051074.995,1705121051075.0322,1705121051075.0325,1705121051081.6577,1705121051081.9626,1705121051082.137,1705121051088.0256,1705121051088.0261,[],0,0
fn602_1,1705121051058.2778,1705121051094.9412,1705121051060.5847,1705121051060.849,1705121051060.8794,1705121051060.8796,1705121051066.637,1705121051067.8032,1705121051091.0925,1705121051093.8464,1705121051093.8467,[],73,0
fn604_1,1705121051061.383,1705121051095.977,1705121051062.1985,1705121051062.351,1705121051062.3826,1705121051062.3828,1705121051072.0256,1705121051071.015,1705121051091.0059,1705121051093.7341,1705121051093.735,[],73,0
fn607_1,1705121051089.0916,1705121051103.2632,1705121051090.3396,1705121051090.631,1705121051090.699,1705121051090.6992,1705121051096.823,1705121051096.7427,1705121051096.7815,1705121051102.0928,1705121051102.0933,[],0,0
fn601_1,1705121051047.4773,1705121051104.1943,1705121051048.486,1705121051048.868,1705121051048.9226,1705121051048.9229,1705121051060.6248,1705121051061.7856,1705121051082.79,1705121051086.5938,1705121051086.5942,[],69,0
fn608_1,1705121051094.997,1705121051120.8962,1705121051097.0293,1705121051097.3164,1705121051097.354,1705121051097.3542,1705121051105.4065,1705121051105.8655,1705121051117.0723,1705121051119.8655,1705121051119.866,[],62,0
fn610_1,1705121051103.313,1705121051122.6418,1705121051105.3667,1705121051105.621,1705121051105.665,1705121051105.6653,1705121051112.3313,1705121051112.208,1705121051118.4626,1705121051121.8726,1705121051121.8733,[],0,0
fn611_1,1705121051104.255,1705121051128.0293,1705121051105.4038,1705121051105.671,1705121051105.7034,1705121051105.7036,1705121051112.061,1705121051112.6711,1705121051123.9287,1705121051127.1895,1705121051127.1904,[],44,0
fn605_1,1705121051065.0535,1705121051129.309,1705121051066.026,1705121051066.317,1705121051066.3472,1705121051066.3474,1705121051081.43,1705121051082.9717,1705121051125.5063,1705121051128.6484,1705121051128.649,['requests_toolbelt'],70,0
fn612_1,1705121051120.9565,1705121051134.7986,1705121051122.2507,1705121051122.5034,1705121051122.5425,1705121051122.543,1705121051129.653,1705121051130.2974,1705121051130.341,1705121051134.1453,1705121051134.1458,[],41,0
fn614_1,1705121051128.0754,1705121051145.2607,1705121051130.1946,1705121051130.4019,1705121051130.433,1705121051130.4333,1705121051136.75,1705121051137.8887,1705121051137.9539,1705121051144.3386,1705121051144.339,[],0,0
fn616_1,1705121051134.8293,1705121051147.215,1705121051135.547,1705121051135.7732,1705121051135.8113,1705121051135.8113,1705121051141.904,1705121051141.8716,1705121051141.9207,1705121051146.432,1705121051146.4324,[],0,0
fn615_1,1705121051129.3503,1705121051152.9211,1705121051130.3875,1705121051130.661,1705121051130.7014,1705121051130.7017,1705121051138.1838,1705121051138.2793,1705121051149.3179,1705121051152.153,1705121051152.1536,[],44,0
fn618_1,1705121051147.256,1705121051160.9722,1705121051148.3533,1705121051148.5837,1705121051148.6267,1705121051148.627,1705121051155.5674,1705121051154.4177,1705121051157.4004,1705121051160.3271,1705121051160.3276,[],0,0
fn617_1,1705121051145.317,1705121051172.6409,1705121051146.5132,1705121051146.7986,1705121051146.853,1705121051146.853,1705121051153.6895,1705121051154.3188,1705121051167.0464,1705121051170.9182,1705121051170.9187,[],44,0
fn613_1,1705121051122.6829,1705121051174.0652,1705121051123.6672,1705121051123.927,1705121051123.9624,1705121051123.9624,1705121051134.4243,1705121051136.0122,1705121051153.3918,1705121051157.8494,1705121051157.85,[],69,0
fn620_1,1705121051161.0063,1705121051175.1396,1705121051161.787,1705121051161.9497,1705121051161.9778,1705121051161.978,1705121051167.195,1705121051167.182,1705121051167.2168,1705121051171.5527,1705121051171.5535,[],0,0
fn623_1,1705121051175.1846,1705121051188.4077,1705121051176.0742,1705121051176.2327,1705121051176.4858,1705121051176.486,1705121051181.015,1705121051182.012,1705121051184.781,1705121051187.5518,1705121051187.5522,[],0,0
fn621_1,1705121051172.6992,1705121051199.7815,1705121051175.1023,1705121051175.2844,1705121051176.663,1705121051176.663,1705121051185.3367,1705121051185.808,1705121051195.7698,1705121051198.9456,1705121051198.9463,[],0,0
fn622_1,1705121051174.1155,1705121051221.4473,1705121051176.305,1705121051176.4502,1705121051176.5713,1705121051176.5715,1705121051183.99,1705121051184.863,1705121051217.8118,1705121051220.447,1705121051220.4475,[],44,0
fn624_1,1705121051188.4592,1705121051244.1372,1705121051189.6643,1705121051190.1348,1705121051190.1777,1705121051190.178,1705121051200.959,1705121051201.9597,1705121051219.319,1705121051223.8726,1705121051223.8733,[],69,0
fn627_1,1705121051244.1968,1705121051261.1248,1705121051245.5276,1705121051245.7883,1705121051245.8567,1705121051245.857,1705121051252.526,1705121051252.9104,1705121051256.5938,1705121051260.1768,1705121051260.1775,[],0,0
fn628_1,1705121051261.1804,1705121051277.2424,1705121051262.4966,1705121051262.818,1705121051262.8848,1705121051262.885,1705121051270.1155,1705121051271.7551,1705121051271.8025,1705121051276.3174,1705121051276.3184,[],2,0
fn629_1,1705121051277.299,1705121051309.1436,1705121051278.5024,1705121051278.7983,1705121051278.8728,1705121051278.873,1705121051286.8403,1705121051288.3447,1705121051303.861,1705121051308.0269,1705121051308.0276,[],44,0
fn630_1,1705121051309.202,1705121051350.7544,1705121051310.4573,1705121051310.7734,1705121051310.8516,1705121051310.8518,1705121051342.523,1705121051343.0635,1705121051343.3499,1705121051349.658,1705121051349.6587,[],0,0
fn609_1,1705121051096.023,1705121051352.3066,1705121051097.0107,1705121051097.2317,1705121051097.268,1705121051097.268,1705121051105.761,1705121051106.5083,1705121051349.0605,1705121051351.55,1705121051351.5508,[],8,0
fn632_1,1705121051352.3442,1705121051376.3845,1705121051353.3242,1705121051353.5144,1705121051353.5444,1705121051353.5447,1705121051361.4995,1705121051362.15,1705121051372.3691,1705121051375.375,1705121051375.3755,[],44,0
fn633_1,1705121051376.442,1705121051398.501,1705121051377.6375,1705121051377.87,1705121051377.908,1705121051377.9082,1705121051385.3372,1705121051385.938,1705121051394.9292,1705121051397.7197,1705121051397.7202,[],44,0
fn634_1,1705121051398.5447,1705121051410.358,1705121051399.5159,1705121051399.7773,1705121051399.8218,1705121051399.822,1705121051405.8464,1705121051405.8403,1705121051405.8862,1705121051409.622,1705121051409.6226,[],21,0
fn635_1,1705121051410.3972,1705121051423.7236,1705121051411.3015,1705121051411.5408,1705121051411.5999,1705121051411.6003,1705121051417.3416,1705121051417.3293,1705121051419.6028,1705121051422.9685,1705121051422.9688,[],21,0
fn631_1,1705121051350.8203,1705121051437.042,1705121051352.4043,1705121051352.6895,1705121051353.0796,1705121051353.0798,1705121051360.0696,1705121051360.7935,1705121051432.728,1705121051436.085,1705121051436.086,[],77,0
fn619_1,1705121051152.9673,1705121051445.0393,1705121051154.0242,1705121051154.2532,1705121051154.2866,1705121051154.2869,1705121051163.2131,1705121051162.846,1705121051442.1638,1705121051444.2524,1705121051444.253,[],29,0
fn626_1,1705121051221.5044,1705121051469.2024,1705121051222.6865,1705121051222.9258,1705121051222.9727,1705121051222.9727,1705121051231.6409,1705121051231.178,1705121051466.3132,1705121051468.389,1705121051468.3896,[],66,0
fn625_1,1705121051199.833,1705121051470.534,1705121051201.0693,1705121051201.3,1705121051201.3394,1705121051201.3396,1705121051208.8403,1705121051209.5994,1705121051466.8972,1705121051469.6758,1705121051469.6763,[],1,0
fn640_1,1705121051470.5864,1705121051483.9246,1705121051471.7178,1705121051471.9792,1705121051472.02,1705121051472.02,1705121051478.231,1705121051478.4734,1705121051479.7031,1705121051483.1501,1705121051483.151,[],14,0
fn639_1,1705121051469.2422,1705121051555.9238,1705121051470.1042,1705121051470.333,1705121051470.3655,1705121051470.3655,1705121051476.809,1705121051477.5115,1705121051551.4717,1705121051554.8655,1705121051554.8657,[],77,0
fn642_1,1705121051555.9775,1705121051647.7842,1705121051557.198,1705121051557.619,1705121051557.6765,1705121051557.6768,1705121051596.146,1705121051595.8833,1705121051621.082,1705121051626.5737,1705121051626.5742,[],69,0
fn638_1,1705121051445.1025,1705121051713.4185,1705121051446.3047,1705121051446.5967,1705121051446.64,1705121051446.6401,1705121051454.708,1705121051455.9014,1705121051710.0605,1705121051712.3062,1705121051712.3066,[],8,0
fn644_1,1705121051713.4834,1705121051726.7114,1705121051714.7827,1705121051715.0154,1705121051715.0618,1705121051715.062,1705121051721.0535,1705121051720.9211,1705121051721.1333,1705121051725.9443,1705121051725.9448,[],0,0
fn643_1,1705121051647.8403,1705121051737.9143,1705121051648.9607,1705121051649.4248,1705121051649.4756,1705121051649.4758,1705121051696.4277,1705121051697.1929,1705121051734.2065,1705121051737.208,1705121051737.2083,['requests_toolbelt'],70,0
fn645_1,1705121051726.7786,1705121051750.5928,1705121051727.6726,1705121051727.903,1705121051727.9424,1705121051727.9426,1705121051735.5515,1705121051736.1614,1705121051746.7673,1705121051749.7512,1705121051749.7517,[],44,0
fn646_1,1705121051737.9546,1705121051752.0364,1705121051738.8494,1705121051739.0989,1705121051739.1396,1705121051739.1401,1705121051744.8503,1705121051744.8699,1705121051747.8438,1705121051750.6848,1705121051750.6853,[],0,0
fn647_1,1705121051750.6436,1705121051764.3423,1705121051752.7551,1705121051752.9333,1705121051752.9648,1705121051752.9648,1705121051760.0452,1705121051759.6042,1705121051759.643,1705121051763.5051,1705121051763.5056,[],34,0
fn648_1,1705121051752.0852,1705121051766.881,1705121051753.4116,1705121051753.5642,1705121051753.5881,1705121051753.5884,1705121051758.714,1705121051758.792,1705121051763.412,1705121051766.3071,1705121051766.3076,[],0,0
fn650_1,1705121051766.9114,1705121051790.4192,1705121051767.605,1705121051767.8108,1705121051767.8438,1705121051767.844,1705121051773.3572,1705121051773.357,1705121051786.871,1705121051789.3604,1705121051789.361,[],0,0
fn637_1,1705121051437.0967,1705121051826.8022,1705121051438.25,1705121051438.5015,1705121051438.544,1705121051438.5442,1705121051448.067,1705121051447.9534,1705121051822.6665,1705121051825.6077,1705121051825.6082,[],52,0
fn651_1,1705121051790.4812,1705121051853.7542,1705121051791.7092,1705121051791.956,1705121051791.9985,1705121051791.9988,1705121051798.4272,1705121051799.0825,1705121051850.2532,1705121051852.8928,1705121051852.8933,[],19,0
fn636_1,1705121051423.7612,1705121051902.8237,1705121051424.599,1705121051424.8486,1705121051424.8894,1705121051424.8896,1705121051431.8005,1705121051431.708,1705121051898.875,1705121051901.7117,1705121051901.7124,[],55,0
fn653_1,1705121051853.7961,1705121051905.1135,1705121051854.7205,1705121051855.117,1705121051855.1892,1705121051855.1895,1705121051866.2405,1705121051867.24,1705121051883.654,1705121051887.8281,1705121051887.829,[],69,0
fn655_1,1705121051905.1565,1705121051937.9136,1705121051906.281,1705121051906.575,1705121051906.6116,1705121051906.6118,1705121051914.8125,1705121051915.1602,1705121051932.4265,1705121051936.7761,1705121051936.7766,[],29,0
fn641_1,1705121051483.9685,1705121051954.3599,1705121051484.8171,1705121051485.0173,1705121051485.0469,1705121051485.0469,1705121051492.315,1705121051493.186,1705121051951.4858,1705121051953.4568,1705121051953.4575,[],55,0
fn657_1,1705121051954.428,1705121051969.6367,1705121051955.668,1705121051955.8596,1705121051955.896,1705121051955.8962,1705121051964.6318,1705121051964.5671,1705121051965.0837,1705121051968.857,1705121051968.8572,[],34,0
fn658_1,1705121051969.6777,1705121051984.136,1705121051970.5364,1705121051970.7996,1705121051970.8467,1705121051970.847,1705121051977.5874,1705121051977.4556,1705121051980.1697,1705121051983.4114,1705121051983.4119,[],1,0
fn652_1,1705121051826.8655,1705121052023.5918,1705121051828.1616,1705121051828.4636,1705121051828.5156,1705121051828.5156,1705121051836.1865,1705121051836.7676,1705121052017.886,1705121052022.493,1705121052022.4937,[],44,0
fn660_1,1705121052023.6497,1705121052039.1165,1705121052024.9473,1705121052025.2207,1705121052025.2874,1705121052025.2876,1705121052032.596,1705121052032.8945,1705121052032.9487,1705121052038.029,1705121052038.03,[],50,0
fn659_1,1705121051984.1758,1705121052047.2007,1705121051985.0354,1705121051985.4534,1705121051985.4968,1705121051985.497,1705121052002.638,1705121052003.519,1705121052043.5315,1705121052046.472,1705121052046.4727,['requests_toolbelt'],70,0
fn661_1,1705121052039.1765,1705121052057.2788,1705121052040.4863,1705121052040.768,1705121052040.8257,1705121052040.826,1705121052047.3247,1705121052047.553,1705121052052.6035,1705121052056.4329,1705121052056.4333,[],0,0
fn662_1,1705121052047.2517,1705121052091.295,1705121052048.1748,1705121052048.3823,1705121052048.4146,1705121052048.4146,1705121052055.6228,1705121052055.9236,1705121052087.7793,1705121052090.3936,1705121052090.3943,[],73,0
fn664_1,1705121052091.343,1705121052104.6667,1705121052092.278,1705121052092.5227,1705121052092.5881,1705121052092.5884,1705121052098.848,1705121052098.8455,1705121052099.173,1705121052103.8806,1705121052103.8809,[],0,0
fn663_1,1705121052057.3357,1705121052126.9565,1705121052058.5452,1705121052058.9307,1705121052058.9731,1705121052058.9731,1705121052071.052,1705121052073.329,1705121052098.5017,1705121052103.9558,1705121052103.9565,[],69,0
fn666_1,1705121052127.0134,1705121052144.4033,1705121052128.2898,1705121052128.5913,1705121052128.6536,1705121052128.6538,1705121052135.2654,1705121052135.9507,1705121052137.1506,1705121052143.245,1705121052143.2458,[],0,0
fn667_1,1705121052144.465,1705121052161.4583,1705121052145.7427,1705121052146.0513,1705121052146.1377,1705121052146.138,1705121052152.9229,1705121052153.3855,1705121052154.0557,1705121052160.3755,1705121052160.376,[],0,0
fn668_1,1705121052161.5134,1705121052240.765,1705121052162.7886,1705121052163.1182,1705121052163.211,1705121052163.2112,1705121052170.1775,1705121052170.9866,1705121052236.2139,1705121052239.5305,1705121052239.5315,[],58,0
fn669_1,1705121052240.809,1705121052270.3618,1705121052241.9387,1705121052242.199,1705121052242.2603,1705121052242.2605,1705121052262.4155,1705121052262.7463,1705121052262.8027,1705121052269.2449,1705121052269.2454,[],0,0
fn670_1,1705121052270.419,1705121052297.9275,1705121052271.731,1705121052272.047,1705121052272.112,1705121052272.1123,1705121052279.096,1705121052279.5762,1705121052292.5808,1705121052296.8088,1705121052296.8093,[],59,0
fn654_1,1705121051902.8938,1705121052302.554,1705121051904.1826,1705121051904.4836,1705121051904.5413,1705121051904.5415,1705121051913.4563,1705121051913.5442,1705121052299.641,1705121052301.74,1705121052301.741,[],12,0
fn671_1,1705121052297.9817,1705121052312.7297,1705121052299.2732,1705121052299.5786,1705121052299.6453,1705121052299.6455,1705121052306.873,1705121052306.279,1705121052307.6143,1705121052311.8203,1705121052311.821,[],14,0
fn656_1,1705121051937.9739,1705121052366.7617,1705121051939.2896,1705121051939.576,1705121051939.6306,1705121051939.6309,1705121051964.6436,1705121051964.1694,1705121052363.5144,1705121052365.8264,1705121052365.8271,[],12,0
fn672_1,1705121052302.6062,1705121052372.6982,1705121052303.771,1705121052304.0037,1705121052304.057,1705121052304.057,1705121052310.4443,1705121052311.2954,1705121052368.5688,1705121052371.839,1705121052371.8398,[],77,0
fn649_1,1705121051764.3857,1705121052381.9111,1705121051765.482,1705121051765.7344,1705121051765.7751,1705121051765.7754,1705121051774.9604,1705121051775.085,1705121052378.2905,1705121052381.1672,1705121052381.168,[],67,0
fn674_1,1705121052366.8086,1705121052429.2185,1705121052367.8074,1705121052368.0193,1705121052368.058,1705121052368.0583,1705121052416.8262,1705121052418.359,1705121052423.777,1705121052427.3926,1705121052427.3933,[],0,0
fn676_1,1705121052381.962,1705121052430.1113,1705121052382.9927,1705121052383.2375,1705121052383.2825,1705121052383.2827,1705121052421.6116,1705121052421.5173,1705121052421.5706,1705121052427.6975,1705121052427.698,[],0,0
fn675_1,1705121052372.751,1705121052430.8418,1705121052373.8723,1705121052374.0745,1705121052374.1128,1705121052374.113,1705121052421.5347,1705121052422.9695,1705121052423.043,1705121052427.8552,1705121052427.8562,[],2,0
fn678_1,1705121052430.1506,1705121052445.6736,1705121052431.98,1705121052432.25,1705121052432.2952,1705121052432.2954,1705121052439.4277,1705121052439.2444,1705121052439.5435,1705121052444.7607,1705121052444.7615,[],14,0
fn679_1,1705121052430.8848,1705121052447.1223,1705121052432.1072,1705121052432.3289,1705121052432.3892,1705121052432.3894,1705121052439.445,1705121052440.131,1705121052440.396,1705121052445.4514,1705121052445.452,[],74,0
fn677_1,1705121052429.2856,1705121052469.9255,1705121052431.9988,1705121052432.3406,1705121052432.3867,1705121052432.3867,1705121052439.3975,1705121052439.102,1705121052465.7136,1705121052468.8892,1705121052468.8901,[],0,0
fn680_1,1705121052445.729,1705121052471.7058,1705121052447.8503,1705121052448.1147,1705121052448.1548,1705121052448.1548,1705121052454.0864,1705121052456.3838,1705121052466.9075,1705121052470.4646,1705121052470.465,[],44,0
fn681_1,1705121052447.1648,1705121052475.0173,1705121052447.959,1705121052448.2458,1705121052448.283,1705121052448.2832,1705121052459.2275,1705121052459.898,1705121052471.0674,1705121052474.3647,1705121052474.3652,[],44,0
fn682_1,1705121052469.9805,1705121052485.924,1705121052471.3726,1705121052471.6274,1705121052471.693,1705121052471.6934,1705121052476.2842,1705121052478.007,1705121052481.6821,1705121052484.9758,1705121052484.9763,[],0,0
fn683_1,1705121052471.765,1705121052487.1807,1705121052472.6208,1705121052472.8728,1705121052472.9128,1705121052472.9128,1705121052480.8518,1705121052480.725,1705121052480.9397,1705121052485.9026,1705121052485.903,[],0,0
fn685_1,1705121052485.976,1705121052500.0334,1705121052487.9648,1705121052488.1602,1705121052488.1895,1705121052488.1895,1705121052493.744,1705121052493.5776,1705121052493.7732,1705121052498.7212,1705121052498.7217,[],0,0
fn686_1,1705121052487.2236,1705121052500.7974,1705121052487.9873,1705121052488.2378,1705121052488.3386,1705121052488.3386,1705121052495.0867,1705121052494.885,1705121052495.0535,1705121052499.143,1705121052499.1438,[],1,0
fn673_1,1705121052312.7827,1705121052520.4573,1705121052313.9214,1705121052314.2197,1705121052314.2605,1705121052314.2605,1705121052322.4348,1705121052323.9797,1705121052514.929,1705121052519.3977,1705121052519.3984,[],44,0
fn689_1,1705121052520.5195,1705121052552.8164,1705121052521.8467,1705121052522.2039,1705121052522.2576,1705121052522.2578,1705121052530.8367,1705121052532.041,1705121052547.5334,1705121052551.6504,1705121052551.651,[],44,0
fn688_1,1705121052500.8435,1705121052559.4075,1705121052501.941,1705121052502.1865,1705121052502.2456,1705121052502.2458,1705121052512.2703,1705121052515.0676,1705121052537.0305,1705121052541.1528,1705121052541.1533,[],69,0
fn690_1,1705121052552.8818,1705121052567.091,1705121052554.2415,1705121052554.598,1705121052554.7222,1705121052554.7222,1705121052562.512,1705121052562.2341,1705121052562.6077,1705121052566.1357,1705121052566.1362,[],14,0
fn692_1,1705121052567.146,1705121052583.464,1705121052568.3796,1705121052568.6064,1705121052568.6672,1705121052568.6675,1705121052574.8027,1705121052575.0872,1705121052578.6826,1705121052582.405,1705121052582.4058,[],0,0
fn687_1,1705121052500.075,1705121052743.2698,1705121052501.9053,1705121052502.2097,1705121052502.249,1705121052502.2493,1705121052510.0303,1705121052510.924,1705121052740.3652,1705121052742.3794,1705121052742.3804,[],46,0
fn694_1,1705121052743.3154,1705121052834.0417,1705121052744.2869,1705121052744.722,1705121052744.7944,1705121052744.7947,1705121052782.12,1705121052783.589,1705121052807.9915,1705121052813.1426,1705121052813.1433,[],69,0
fn665_1,1705121052104.7122,1705121052886.6135,1705121052105.63,1705121052105.9185,1705121052105.9644,1705121052105.9646,1705121052114.7527,1705121052114.8713,1705121052883.794,1705121052885.7485,1705121052885.7495,[],52,0
fn695_1,1705121052834.1,1705121052892.2625,1705121052835.4194,1705121052835.6882,1705121052835.7388,1705121052835.7393,1705121052862.4783,1705121052862.4778,1705121052888.3782,1705121052891.3608,1705121052891.3616,[],0,0
fn691_1,1705121052559.4705,1705121052912.9443,1705121052560.7808,1705121052561.0708,1705121052561.1226,1705121052561.1226,1705121052571.4592,1705121052570.414,1705121052909.0728,1705121052911.9185,1705121052911.9192,[],52,0
fn696_1,1705121052886.6672,1705121052942.8186,1705121052887.7034,1705121052887.9912,1705121052888.0498,1705121052888.0503,1705121052926.4446,1705121052926.6553,1705121052937.1309,1705121052941.626,1705121052941.6265,[],21,0
fn699_1,1705121052942.8818,1705121052961.1345,1705121052944.1697,1705121052944.4338,1705121052944.501,1705121052944.5012,1705121052951.353,1705121052952.4497,1705121052956.182,1705121052960.011,1705121052960.0115,[],0,0
fn697_1,1705121052892.3152,1705121052985.2595,1705121052893.44,1705121052893.7336,1705121052893.7698,1705121052893.7698,1705121052939.8193,1705121052940.8367,1705121052981.2297,1705121052984.1475,1705121052984.148,['requests_toolbelt'],70,0
fn700_1,1705121052961.196,1705121053029.0776,1705121052962.4695,1705121052962.7874,1705121052962.8577,1705121052962.858,1705121052969.957,1705121052970.325,1705121053025.6814,1705121053028.1497,1705121053028.1501,[],77,0
fn702_1,1705121053029.1187,1705121053070.711,1705121053030.0688,1705121053030.6895,1705121053030.7896,1705121053030.7896,1705121053066.436,1705121053066.062,1705121053066.1055,1705121053069.7976,1705121053069.7983,[],21,0
fn684_1,1705121052475.0508,1705121053117.3503,1705121052475.8096,1705121052476.074,1705121052476.124,1705121052476.1243,1705121052485.1743,1705121052485.9917,1705121053113.3435,1705121053116.2063,1705121053116.207,[],12,0
fn693_1,1705121052583.5208,1705121053128.3447,1705121052584.7786,1705121052585.0813,1705121052585.1282,1705121052585.1284,1705121052594.6006,1705121052595.2898,1705121053125.3103,1705121053127.5234,1705121053127.524,[],66,0
fn704_1,1705121053117.4194,1705121053133.0002,1705121053118.9282,1705121053119.2107,1705121053119.274,1705121053119.2742,1705121053125.9714,1705121053126.0728,1705121053126.1213,1705121053132.152,1705121053132.1528,[],0,0
fn698_1,1705121052912.996,1705121053186.0107,1705121052914.1033,1705121052914.3066,1705121052914.344,1705121052914.344,1705121052932.7576,1705121052932.7666,1705121053183.034,1705121053185.084,1705121053185.0845,[],29,0
fn706_1,1705121053133.0508,1705121053202.5596,1705121053134.2979,1705121053134.6414,1705121053134.6877,1705121053134.688,1705121053148.378,1705121053150.0735,1705121053175.0337,1705121053180.383,1705121053180.384,[],69,0
fn707_1,1705121053186.065,1705121053271.0137,1705121053187.062,1705121053187.2832,1705121053187.319,1705121053187.319,1705121053235.316,1705121053235.6736,1705121053267.2305,1705121053269.8418,1705121053269.8425,[],44,0
fn701_1,1705121052985.319,1705121053280.978,1705121052986.5908,1705121052987.0603,1705121052987.1387,1705121052987.139,1705121052996.2822,1705121052997.2646,1705121053277.1035,1705121053279.9333,1705121053279.934,[],8,0
fn709_1,1705121053271.0679,1705121053296.0654,1705121053272.3508,1705121053272.6682,1705121053272.724,1705121053272.7244,1705121053281.069,1705121053281.3809,1705121053292.17,1705121053295.2192,1705121053295.2197,[],44,0
fn708_1,1705121053202.6067,1705121053300.8328,1705121053203.6794,1705121053203.9856,1705121053204.0327,1705121053204.033,1705121053249.2617,1705121053251.0874,1705121053297.0579,1705121053299.9553,1705121053299.9563,['requests_toolbelt'],70,0
fn710_1,1705121053281.0522,1705121053313.2598,1705121053282.3838,1705121053282.6475,1705121053282.6912,1705121053282.6914,1705121053289.48,1705121053289.8518,1705121053308.4666,1705121053312.0105,1705121053312.011,[],21,0
fn713_1,1705121053313.3198,1705121053329.5403,1705121053314.6184,1705121053314.9573,1705121053315.0146,1705121053315.015,1705121053322.344,1705121053323.1853,1705121053323.537,1705121053328.3948,1705121053328.3958,[],14,0
fn705_1,1705121053128.397,1705121053331.0664,1705121053129.3416,1705121053129.687,1705121053129.7336,1705121053129.734,1705121053136.5298,1705121053137.2927,1705121053327.0212,1705121053329.52,1705121053329.5205,[],68,0
fn714_1,1705121053329.601,1705121053344.3,1705121053331.9678,1705121053332.2327,1705121053332.2815,1705121053332.2817,1705121053338.392,1705121053338.1196,1705121053338.9324,1705121053343.2087,1705121053343.2092,[],0,0
fn703_1,1705121053070.7754,1705121053347.9207,1705121053071.778,1705121053072.1045,1705121053072.1648,1705121053072.165,1705121053080.8193,1705121053081.0498,1705121053344.805,1705121053347.1082,1705121053347.1086,[],8,0
fn716_1,1705121053344.3616,1705121053357.2825,1705121053345.6282,1705121053345.8887,1705121053345.9365,1705121053345.937,1705121053351.8838,1705121053351.8452,1705121053351.8984,1705121053356.5415,1705121053356.542,[],0,0
fn715_1,1705121053331.11,1705121053361.672,1705121053331.9524,1705121053332.1812,1705121053332.2258,1705121053332.226,1705121053340.024,1705121053341.5251,1705121053356.9736,1705121053360.7935,1705121053360.794,[],44,0
fn712_1,1705121053300.8867,1705121053366.2332,1705121053301.9937,1705121053302.2627,1705121053302.3093,1705121053302.3093,1705121053309.2153,1705121053309.45,1705121053362.8179,1705121053365.438,1705121053365.4385,[],19,0
fn718_1,1705121053357.3218,1705121053371.2202,1705121053358.1743,1705121053358.4119,1705121053358.453,1705121053358.4534,1705121053364.509,1705121053364.1296,1705121053366.8894,1705121053370.3691,1705121053370.3699,[],0,0
fn719_1,1705121053361.7234,1705121053374.5305,1705121053362.8958,1705121053363.1682,1705121053363.2087,1705121053363.2092,1705121053369.1067,1705121053369.4924,1705121053369.5522,1705121053373.728,1705121053373.7288,[],21,0
fn720_1,1705121053366.2827,1705121053378.9214,1705121053367.3462,1705121053367.5708,1705121053367.6116,1705121053367.6116,1705121053373.1016,1705121053373.3987,1705121053373.4358,1705121053378.1482,1705121053378.1484,[],0,0
fn722_1,1705121053374.5781,1705121053388.6165,1705121053375.6365,1705121053375.845,1705121053375.882,1705121053375.8823,1705121053383.9106,1705121053383.2974,1705121053383.3567,1705121053387.7373,1705121053387.7378,[],29,0
fn724_1,1705121053388.6687,1705121053401.5103,1705121053389.8252,1705121053390.0393,1705121053390.0693,1705121053390.0696,1705121053395.8713,1705121053395.7363,1705121053396.2,1705121053400.577,1705121053400.5774,[],0,0
fn721_1,1705121053371.2708,1705121053428.6553,1705121053372.387,1705121053372.7117,1705121053372.7542,1705121053372.7544,1705121053383.921,1705121053385.4014,1705121053408.8174,1705121053413.915,1705121053413.9153,[],69,0
fn725_1,1705121053401.5654,1705121053460.7458,1705121053402.8018,1705121053403.2131,1705121053403.2551,1705121053403.2554,1705121053418.767,1705121053419.6924,1705121053457.1934,1705121053459.9214,1705121053459.9219,['requests_toolbelt'],70,0
fn726_1,1705121053428.6975,1705121053486.08,1705121053429.5908,1705121053430.011,1705121053430.084,1705121053430.0845,1705121053446.397,1705121053447.4185,1705121053482.4685,1705121053485.082,1705121053485.0825,['requests_toolbelt'],70,0
fn727_1,1705121053460.7893,1705121053561.0476,1705121053461.7073,1705121053462.191,1705121053462.2476,1705121053462.248,1705121053468.9868,1705121053471.8857,1705121053557.3428,1705121053560.1936,1705121053560.194,[],19,0
fn717_1,1705121053347.9763,1705121053591.3137,1705121053349.0383,1705121053349.2507,1705121053349.2827,1705121053349.283,1705121053355.519,1705121053356.0986,1705121053587.595,1705121053590.2156,1705121053590.216,[],68,0
fn728_1,1705121053486.1377,1705121053608.0227,1705121053487.4236,1705121053487.7295,1705121053487.781,1705121053487.7815,1705121053527.6697,1705121053528.364,1705121053605.38,1705121053607.2563,1705121053607.257,[],41,0
fn731_1,1705121053608.0637,1705121053621.8015,1705121053608.9485,1705121053609.2092,1705121053609.2544,1705121053609.2546,1705121053614.961,1705121053615.123,1705121053617.7927,1705121053620.6455,1705121053620.646,[],0,0
fn730_1,1705121053591.3723,1705121053622.6367,1705121053592.5435,1705121053592.8015,1705121053592.8738,1705121053592.874,1705121053599.6013,1705121053600.2598,1705121053616.1143,1705121053620.5852,1705121053620.586,[],50,0
fn733_1,1705121053622.6846,1705121053635.7825,1705121053623.8523,1705121053624.1326,1705121053624.2131,1705121053624.2136,1705121053631.323,1705121053631.1094,1705121053631.1455,1705121053634.8213,1705121053634.8215,[],1,0
fn732_1,1705121053621.845,1705121053637.1987,1705121053623.8245,1705121053624.082,1705121053624.123,1705121053624.1233,1705121053629.738,1705121053630.0974,1705121053630.145,1705121053635.9478,1705121053635.9482,[],0,0
fn723_1,1705121053378.9673,1705121053643.3599,1705121053379.9983,1705121053380.1772,1705121053380.205,1705121053380.2053,1705121053388.027,1705121053389.9932,1705121053640.5122,1705121053642.4504,1705121053642.451,[],68,0
fn735_1,1705121053637.239,1705121053657.7217,1705121053638.099,1705121053638.3564,1705121053638.404,1705121053638.4043,1705121053644.8801,1705121053644.9277,1705121053654.3472,1705121053656.8098,1705121053656.8105,[],0,0
fn734_1,1705121053635.8416,1705121053669.6707,1705121053637.9958,1705121053638.2861,1705121053638.3948,1705121053638.395,1705121053644.5178,1705121053644.2476,1705121053665.6526,1705121053668.8345,1705121053668.8354,[],21,0
fn737_1,1705121053657.7737,1705121053677.3435,1705121053658.927,1705121053659.111,1705121053659.1401,1705121053659.1404,1705121053665.7915,1705121053665.5793,1705121053673.8235,1705121053676.5525,1705121053676.553,[],1,0
fn738_1,1705121053669.7207,1705121053685.7222,1705121053670.956,1705121053671.233,1705121053671.276,1705121053671.2761,1705121053680.0837,1705121053680.1343,1705121053681.4343,1705121053684.8494,1705121053684.8499,[],44,0
fn739_1,1705121053677.393,1705121053696.1936,1705121053678.4758,1705121053678.7024,1705121053678.7625,1705121053678.7627,1705121053685.1248,1705121053685.781,1705121053691.4456,1705121053695.3193,1705121053695.32,[],19,0
fn740_1,1705121053685.7742,1705121053701.0452,1705121053686.9683,1705121053687.1921,1705121053687.2322,1705121053687.2324,1705121053695.7117,1705121053695.171,1705121053695.2314,1705121053699.9883,1705121053699.989,[],29,0
fn741_1,1705121053696.247,1705121053757.1128,1705121053697.401,1705121053697.7935,1705121053697.8586,1705121053697.859,1705121053706.655,1705121053708.4146,1705121053752.5227,1705121053755.9353,1705121053755.9358,[],44,0
fn743_1,1705121053757.1716,1705121053805.2776,1705121053758.5325,1705121053758.8132,1705121053758.8706,1705121053758.8708,1705121053798.2007,1705121053798.2542,1705121053798.3062,1705121053804.1863,1705121053804.187,[],0,0
fn744_1,1705121053805.338,1705121053820.665,1705121053806.6982,1705121053806.972,1705121053807.022,1705121053807.0222,1705121053814.8499,1705121053814.943,1705121053814.992,1705121053819.7854,1705121053819.7861,[],1,0
fn745_1,1705121053820.7163,1705121053837.755,1705121053821.849,1705121053822.134,1705121053822.1836,1705121053822.1838,1705121053829.8538,1705121053831.1145,1705121053832.4753,1705121053836.8774,1705121053836.8782,[],44,0
fn742_1,1705121053701.0876,1705121053859.2297,1705121053702.15,1705121053702.4104,1705121053702.4495,1705121053702.4497,1705121053709.9922,1705121053711.6528,1705121053855.628,1705121053858.2002,1705121053858.2007,[],73,0
fn747_1,1705121053859.283,1705121053873.659,1705121053860.5078,1705121053860.7493,1705121053860.8145,1705121053860.8145,1705121053866.8665,1705121053867.046,1705121053867.0952,1705121053872.7747,1705121053872.7751,[],0,0
fn746_1,1705121053837.8042,1705121053886.0625,1705121053838.932,1705121053839.2585,1705121053839.2998,1705121053839.3,1705121053848.9688,1705121053850.0085,1705121053866.7053,1705121053870.472,1705121053870.4724,[],69,0
fn749_1,1705121053886.1147,1705121053898.548,1705121053887.321,1705121053887.5444,1705121053887.598,1705121053887.5981,1705121053893.0862,1705121053892.9058,1705121053893.3855,1705121053897.6917,1705121053897.6921,[],0,0
fn748_1,1705121053873.7139,1705121053916.9844,1705121053874.936,1705121053875.1946,1705121053875.2397,1705121053875.24,1705121053882.8552,1705121053883.5935,1705121053912.7107,1705121053916.033,1705121053916.0337,[],73,0
fn736_1,1705121053643.41,1705121053920.9377,1705121053644.5017,1705121053644.7754,1705121053644.834,1705121053644.8342,1705121053653.2498,1705121053654.0334,1705121053918.2402,1705121053920.1956,1705121053920.196,[],66,0
fn751_1,1705121053917.038,1705121053931.3496,1705121053918.2532,1705121053918.6135,1705121053918.6924,1705121053918.6926,1705121053926.0312,1705121053926.3389,1705121053927.7087,1705121053930.6875,1705121053930.688,[],14,0
fn750_1,1705121053898.5999,1705121053957.8398,1705121053899.7344,1705121053899.918,1705121053899.9502,1705121053899.9502,1705121053905.7036,1705121053905.6436,1705121053954.587,1705121053956.9514,1705121053956.952,[],77,0
fn753_1,1705121053931.3816,1705121053985.5017,1705121053932.1294,1705121053932.376,1705121053932.4175,1705121053932.4177,1705121053939.1667,1705121053939.4226,1705121053982.3076,1705121053984.6133,1705121053984.614,[],73,0
fn754_1,1705121053957.8918,1705121053988.145,1705121053959.007,1705121053959.202,1705121053959.235,1705121053959.235,1705121053965.7227,1705121053965.763,1705121053984.945,1705121053987.5225,1705121053987.523,[],73,0
fn752_1,1705121053920.9814,1705121053998.813,1705121053922.0015,1705121053922.3809,1705121053922.4238,1705121053922.4238,1705121053939.3843,1705121053941.46,1705121053994.354,1705121053997.983,1705121053997.9836,['requests_toolbelt'],70,0
fn757_1,1705121053998.8606,1705121054024.0845,1705121053999.9175,1705121054000.1267,1705121054000.165,1705121054000.1653,1705121054006.027,1705121054006.219,1705121054019.6545,1705121054023.0295,1705121054023.03,[],0,0
fn758_1,1705121054024.1443,1705121054055.7385,1705121054025.434,1705121054025.8025,1705121054025.868,1705121054025.8684,1705121054034.453,1705121054035.5774,1705121054050.3562,1705121054054.1384,1705121054054.1392,[],44,0
fn756_1,1705121053988.1763,1705121054056.888,1705121053989.0227,1705121053989.215,1705121053989.259,1705121053989.2593,1705121053995.773,1705121053996.189,1705121054052.0525,1705121054054.5085,1705121054054.5095,[],19,0
fn760_1,1705121054056.938,1705121054072.204,1705121054058.0735,1705121054058.3015,1705121054058.3503,1705121054058.3506,1705121054064.7903,1705121054064.9397,1705121054065.543,1705121054071.22,1705121054071.2207,[],0,0
fn761_1,1705121054072.254,1705121054089.1,1705121054073.4202,1705121054073.6687,1705121054073.7126,1705121054073.713,1705121054079.8687,1705121054080.2056,1705121054084.7449,1705121054088.1746,1705121054088.1753,[],0,0
fn762_1,1705121054089.1565,1705121054105.6345,1705121054090.479,1705121054090.8616,1705121054090.9365,1705121054090.9368,1705121054098.4836,1705121054099.9468,1705121054099.9912,1705121054104.6914,1705121054104.6921,[],41,0
fn759_1,1705121054055.7996,1705121054131.1484,1705121054058.017,1705121054058.2966,1705121054058.336,1705121054058.336,1705121054064.86,1705121054065.7495,1705121054128.151,1705121054130.3386,1705121054130.339,[],41,0
fn755_1,1705121053985.5437,1705121054178.5247,1705121053986.4814,1705121053986.8098,1705121053986.8608,1705121053986.861,1705121053993.8162,1705121053995.1682,1705121054175.6318,1705121054177.6716,1705121054177.6724,[],68,0
fn765_1,1705121054178.5664,1705121054225.0574,1705121054179.4949,1705121054179.7698,1705121054179.8228,1705121054179.823,1705121054218.034,1705121054218.294,1705121054218.34,1705121054224.1497,1705121054224.1501,[],0,0
fn711_1,1705121053296.1074,1705121054250.1138,1705121053297.043,1705121053297.459,1705121053297.546,1705121053297.5464,1705121053306.1377,1705121053308.3108,1705121054246.9548,1705121054248.9436,1705121054248.944,['nbsphinx'],52,0
fn767_1,1705121054250.1853,1705121054264.2625,1705121054251.585,1705121054251.8428,1705121054251.9006,1705121054251.901,1705121054259.8706,1705121054259.5488,1705121054259.5938,1705121054263.3108,1705121054263.311,[],29,0
fn766_1,1705121054225.117,1705121054266.0034,1705121054226.134,1705121054226.3914,1705121054226.4312,1705121054226.4314,1705121054232.539,1705121054232.4858,1705121054262.428,1705121054265.3025,1705121054265.3035,[],58,0
fn768_1,1705121054264.3196,1705121054288.3855,1705121054265.5156,1705121054265.7266,1705121054265.7637,1705121054265.7637,1705121054272.5483,1705121054272.347,1705121054284.3787,1705121054287.368,1705121054287.3687,[],29,0
fn769_1,1705121054266.0347,1705121054289.1133,1705121054266.7825,1705121054266.9844,1705121054267.0166,1705121054267.0166,1705121054274.4678,1705121054274.9287,1705121054284.854,1705121054287.5315,1705121054287.532,[],44,0
fn771_1,1705121054289.1494,1705121054303.18,1705121054289.9404,1705121054290.1948,1705121054290.2402,1705121054290.2405,1705121054297.9324,1705121054297.8687,1705121054297.9194,1705121054302.2856,1705121054302.2861,[],0,0
fn770_1,1705121054288.4255,1705121054312.2676,1705121054289.9163,1705121054290.1228,1705121054290.1567,1705121054290.1567,1705121054294.1387,1705121054295.593,1705121054309.0984,1705121054311.4932,1705121054311.4937,[],0,0
fn773_1,1705121054312.3062,1705121054324.5115,1705121054313.2112,1705121054313.4336,1705121054313.4963,1705121054313.4968,1705121054320.1958,1705121054319.9368,1705121054319.9724,1705121054323.7747,1705121054323.775,[],1,0
fn772_1,1705121054303.2314,1705121054342.3538,1705121054304.3801,1705121054304.5808,1705121054304.612,1705121054304.6123,1705121054311.788,1705121054311.3855,1705121054339.4504,1705121054341.3896,1705121054341.3904,[],18,0
fn764_1,1705121054131.192,1705121054378.8013,1705121054132.079,1705121054132.341,1705121054132.3904,1705121054132.3906,1705121054140.2427,1705121054140.042,1705121054375.9004,1705121054377.9238,1705121054377.9246,[],66,0
fn774_1,1705121054324.5522,1705121054393.6375,1705121054325.3962,1705121054325.7085,1705121054325.7515,1705121054325.7517,1705121054331.9448,1705121054332.8296,1705121054390.7993,1705121054392.9565,1705121054392.9568,[],41,0
fn776_1,1705121054378.8547,1705121054401.9033,1705121054379.7537,1705121054379.9836,1705121054380.0217,1705121054380.0217,1705121054387.5618,1705121054388.071,1705121054398.2432,1705121054401.1587,1705121054401.1594,[],44,0
fn777_1,1705121054393.6765,1705121054404.5676,1705121054394.5115,1705121054394.7515,1705121054394.8098,1705121054394.81,1705121054400.515,1705121054400.3174,1705121054400.3584,1705121054403.97,1705121054403.9705,[],21,0
fn729_1,1705121053561.0947,1705121054411.6562,1705121053562.038,1705121053562.4553,1705121053562.5103,1705121053562.5105,1705121053595.7188,1705121053597.812,1705121054408.3286,1705121054410.901,1705121054410.9014,['nbsphinx'],12,0
fn778_1,1705121054401.9426,1705121054415.1846,1705121054402.8135,1705121054403.0498,1705121054403.09,1705121054403.09,1705121054410.082,1705121054408.9207,1705121054411.7344,1705121054414.5115,1705121054414.512,[],0,0
fn779_1,1705121054404.605,1705121054416.7703,1705121054405.3706,1705121054405.5198,1705121054405.5454,1705121054405.5454,1705121054412.8271,1705121054412.3037,1705121054412.3403,1705121054416.2222,1705121054416.223,[],1,0
fn780_1,1705121054411.7078,1705121054426.653,1705121054412.7993,1705121054413.0107,1705121054413.0637,1705121054413.064,1705121054419.085,1705121054419.0977,1705121054422.246,1705121054425.807,1705121054425.8076,[],0,0
fn781_1,1705121054415.2158,1705121054428.469,1705121054415.9749,1705121054416.2126,1705121054416.252,1705121054416.2522,1705121054424.2595,1705121054424.076,1705121054424.1138,1705121054427.711,1705121054427.7117,[],74,0
fn782_1,1705121054416.7988,1705121054431.4912,1705121054417.4731,1705121054417.715,1705121054417.7542,1705121054417.7544,1705121054424.497,1705121054425.7397,1705121054426.8604,1705121054430.7732,1705121054430.7737,[],44,0
fn763_1,1705121054105.6863,1705121054455.0977,1705121054106.8716,1705121054107.134,1705121054107.182,1705121054107.182,1705121054115.2905,1705121054116.0588,1705121054451.9565,1705121054454.0222,1705121054454.0227,[],29,0
fn783_1,1705121054426.7031,1705121054460.2605,1705121054427.8174,1705121054428.0376,1705121054428.0696,1705121054428.0696,1705121054434.4287,1705121054434.1265,1705121054456.351,1705121054459.4436,1705121054459.444,[],0,0
fn786_1,1705121054455.1675,1705121054469.5022,1705121054456.466,1705121054456.731,1705121054456.7866,1705121054456.7869,1705121054463.1484,1705121054463.0227,1705121054466.106,1705121054468.8298,1705121054468.8303,[],0,0
fn787_1,1705121054460.313,1705121054476.729,1705121054461.4412,1705121054461.6907,1705121054461.7324,1705121054461.7327,1705121054468.023,1705121054468.7375,1705121054471.5508,1705121054475.804,1705121054475.8044,[],21,0
fn789_1,1705121054476.7812,1705121054491.4067,1705121054478.008,1705121054478.2437,1705121054478.2869,1705121054478.287,1705121054484.387,1705121054484.5857,1705121054484.6348,1705121054490.4226,1705121054490.423,[],0,0
fn784_1,1705121054428.5166,1705121054492.998,1705121054429.6375,1705121054429.9585,1705121054429.9875,1705121054429.9875,1705121054445.0798,1705121054447.3167,1705121054486.8865,1705121054490.4836,1705121054490.484,['requests_toolbelt'],70,0
fn788_1,1705121054469.539,1705121054497.879,1705121054470.3586,1705121054470.6057,1705121054470.646,1705121054470.6462,1705121054476.2566,1705121054476.2825,1705121054494.4602,1705121054497.1953,1705121054497.1958,[],21,0
fn791_1,1705121054493.0486,1705121054507.0835,1705121054494.1343,1705121054494.3748,1705121054494.421,1705121054494.421,1705121054502.187,1705121054501.883,1705121054501.9197,1705121054506.0366,1705121054506.0374,[],1,0
fn785_1,1705121054431.5312,1705121054508.5664,1705121054432.4573,1705121054432.8315,1705121054432.8704,1705121054432.8706,1705121054459.8035,1705121054461.1487,1705121054503.9043,1705121054506.7654,1705121054506.7659,['requests_toolbelt'],70,0
fn790_1,1705121054491.4624,1705121054542.9182,1705121054494.027,1705121054494.3904,1705121054494.4392,1705121054494.4395,1705121054506.3748,1705121054507.3948,1705121054524.8423,1705121054528.6218,1705121054528.6226,[],69,0
fn775_1,1705121054342.4128,1705121054544.0679,1705121054343.605,1705121054343.7961,1705121054343.8306,1705121054343.8306,1705121054350.9082,1705121054350.7102,1705121054540.546,1705121054542.6077,1705121054542.6084,[],1,0
fn793_1,1705121054507.141,1705121054555.5957,1705121054509.3896,1705121054509.771,1705121054509.8157,1705121054509.8157,1705121054519.5298,1705121054520.9863,1705121054536.9348,1705121054540.6716,1705121054540.672,[],69,0
fn795_1,1705121054542.9634,1705121054557.0342,1705121054544.8733,1705121054545.1377,1705121054545.196,1705121054545.1965,1705121054549.7544,1705121054551.3093,1705121054551.3477,1705121054555.7444,1705121054555.745,[],0,0
fn797_1,1705121054555.6492,1705121054568.2375,1705121054557.262,1705121054557.43,1705121054557.7336,1705121054557.734,1705121054564.0193,1705121054563.872,1705121054563.9045,1705121054567.4937,1705121054567.4941,[],79,0
fn798_1,1705121054557.0767,1705121054569.6511,1705121054557.8987,1705121054558.0576,1705121054558.0806,1705121054558.0806,1705121054565.3264,1705121054565.1692,1705121054565.2126,1705121054568.889,1705121054568.8894,[],74,0
fn796_1,1705121054544.1174,1705121054574.2722,1705121054545.438,1705121054545.6355,1705121054545.6697,1705121054545.67,1705121054553.661,1705121054553.4602,1705121054571.2153,1705121054573.6907,1705121054573.6914,[],0,0
fn801_1,1705121054574.3018,1705121054632.5247,1705121054575.0706,1705121054575.2253,1705121054575.2512,1705121054575.2515,1705121054581.7246,1705121054581.6416,1705121054629.3242,1705121054631.6196,1705121054631.62,[],77,0
fn802_1,1705121054632.572,1705121054644.6282,1705121054633.4822,1705121054633.7068,1705121054633.7546,1705121054633.7546,1705121054639.496,1705121054639.4546,1705121054639.501,1705121054643.8875,1705121054643.8882,[],0,0
fn803_1,1705121054644.6714,1705121054655.8445,1705121054645.6409,1705121054645.8733,1705121054645.919,1705121054645.9192,1705121054651.712,1705121054651.4849,1705121054651.5232,1705121054655.0508,1705121054655.0513,[],34,0
fn800_1,1705121054569.686,1705121054707.1401,1705121054570.386,1705121054570.5813,1705121054570.6072,1705121054570.6074,1705121054577.4355,1705121054577.4148,1705121054703.938,1705121054706.2627,1705121054706.2632,[],0,0
fn805_1,1705121054707.1858,1705121054722.5837,1705121054708.251,1705121054709.3733,1705121054709.4258,1705121054709.4258,1705121054716.8174,1705121054717.308,1705121054718.2761,1705121054721.6794,1705121054721.68,[],44,0
fn799_1,1705121054568.2747,1705121054766.652,1705121054569.1497,1705121054569.4358,1705121054569.478,1705121054569.4785,1705121054576.115,1705121054577.0527,1705121054763.8398,1705121054765.736,1705121054765.7368,[],68,0
fn806_1,1705121054722.64,1705121054769.986,1705121054723.6145,1705121054723.8765,1705121054723.9175,1705121054723.9177,1705121054735.3528,1705121054736.4077,1705121054752.3857,1705121054756.0515,1705121054756.052,[],69,0
fn808_1,1705121054770.0195,1705121054815.976,1705121054770.7876,1705121054770.977,1705121054771.008,1705121054771.0083,1705121054811.4153,1705121054810.9373,1705121054810.98,1705121054815.1548,1705121054815.1555,[],1,0
fn794_1,1705121054508.6008,1705121054835.3948,1705121054509.3857,1705121054509.6223,1705121054509.6528,1705121054509.6528,1705121054518.0806,1705121054519.2703,1705121054831.6958,1705121054834.3918,1705121054834.3926,[],8,0
fn810_1,1705121054835.4504,1705121054870.6636,1705121054836.6594,1705121054836.839,1705121054836.8696,1705121054836.8696,1705121054842.2773,1705121054842.1294,1705121054867.705,1705121054869.8518,1705121054869.853,[],0,0
fn809_1,1705121054816.0244,1705121054872.0884,1705121054816.9204,1705121054817.3425,1705121054817.3848,1705121054817.3848,1705121054830.866,1705121054832.6638,1705121054868.503,1705121054871.27,1705121054871.2705,['requests_toolbelt'],70,0
fn811_1,1705121054870.7124,1705121054886.6917,1705121054871.65,1705121054871.9226,1705121054872.0486,1705121054872.0488,1705121054877.0261,1705121054878.6716,1705121054883.4536,1705121054885.9297,1705121054885.9302,[],0,0
fn812_1,1705121054872.1228,1705121054910.158,1705121054872.8687,1705121054873.0403,1705121054873.071,1705121054873.0713,1705121054881.0107,1705121054880.9048,1705121054907.2903,1705121054909.4224,1705121054909.4229,[],0,0
fn814_1,1705121054910.1987,1705121054921.8306,1705121054911.0835,1705121054911.3179,1705121054911.3792,1705121054911.3794,1705121054916.8813,1705121054916.7021,1705121054916.7412,1705121054921.132,1705121054921.1326,[],0,0
fn813_1,1705121054886.7449,1705121054943.7654,1705121054887.6235,1705121054888.022,1705121054888.0671,1705121054888.0671,1705121054902.6758,1705121054904.036,1705121054940.2498,1705121054942.9377,1705121054942.9382,['requests_toolbelt'],70,0
fn816_1,1705121054943.8145,1705121054956.5925,1705121054944.6865,1705121054944.8896,1705121054944.9211,1705121054944.9211,1705121054950.2202,1705121054950.112,1705121054953.3953,1705121054955.9573,1705121054955.9578,[],0,0
fn817_1,1705121054956.6284,1705121054967.8035,1705121054957.4453,1705121054957.6821,1705121054957.719,1705121054957.7192,1705121054962.8928,1705121054962.683,1705121054962.912,1705121054967.13,1705121054967.1304,[],0,0
fn792_1,1705121054497.9194,1705121054975.8137,1705121054498.839,1705121054499.0562,1705121054499.097,1705121054499.0972,1705121054508.2053,1705121054507.8552,1705121054972.955,1705121054975.0186,1705121054975.019,[],12,0
fn815_1,1705121054921.8738,1705121054981.2993,1705121054922.7202,1705121054922.926,1705121054922.9563,1705121054922.9563,1705121054928.3115,1705121054928.4014,1705121054978.014,1705121054980.6594,1705121054980.6602,[],0,0
fn804_1,1705121054655.884,1705121054984.8604,1705121054656.789,1705121054657.1504,1705121054657.2231,1705121054657.2234,1705121054665.009,1705121054666.898,1705121054981.4875,1705121054984.138,1705121054984.1384,['nbsphinx'],44,0
fn821_1,1705121054984.9126,1705121055000.6594,1705121054985.9402,1705121054986.1504,1705121054986.2024,1705121054986.2026,1705121054991.7793,1705121054992.0278,1705121054996.3904,1705121054999.8242,1705121054999.825,[],0,0
fn819_1,1705121054975.8682,1705121055002.3916,1705121054976.9895,1705121054977.1807,1705121054977.2097,1705121054977.2097,1705121054983.0815,1705121054985.2612,1705121054997.9497,1705121055001.18,1705121055001.1804,[],44,0
fn820_1,1705121054981.3337,1705121055003.3467,1705121054982.046,1705121054982.2275,1705121054982.2527,1705121054982.2532,1705121054987.877,1705121054988.3857,1705121054998.8394,1705121055001.6614,1705121055001.6619,[],44,0
fn823_1,1705121055002.4404,1705121055016.2183,1705121055004.1929,1705121055004.4373,1705121055004.483,1705121055004.4832,1705121055010.589,1705121055010.544,1705121055011.4167,1705121055015.4148,1705121055015.4153,[],0,0
fn824_1,1705121055003.38,1705121055017.6501,1705121055004.7378,1705121055004.9587,1705121055004.9885,1705121055004.9888,1705121055010.6738,1705121055012.6448,1705121055013.565,1705121055016.9626,1705121055016.963,[],44,0
fn818_1,1705121054967.84,1705121055026.0537,1705121054968.6482,1705121054968.883,1705121054968.9238,1705121054968.924,1705121054973.835,1705121054973.8462,1705121055023.0913,1705121055025.3062,1705121055025.3066,[],0,0
fn826_1,1705121055017.6824,1705121055031.0518,1705121055018.4106,1705121055018.6453,1705121055018.6816,1705121055018.6816,1705121055024.6963,1705121055024.5012,1705121055024.538,1705121055030.4626,1705121055030.4631,[],0,0
fn828_1,1705121055031.084,1705121055041.693,1705121055031.7886,1705121055031.9836,1705121055032.019,1705121055032.019,1705121055036.6638,1705121055036.7869,1705121055036.828,1705121055041.0295,1705121055041.03,[],0,0
fn825_1,1705121055016.2588,1705121055045.326,1705121055017.036,1705121055017.2048,1705121055017.231,1705121055017.2312,1705121055020.9312,1705121055022.0334,1705121055041.7869,1705121055044.6265,1705121055044.6272,[],0,0
fn827_1,1705121055026.0996,1705121055052.3003,1705121055027.1042,1705121055027.333,1705121055027.3713,1705121055027.3716,1705121055034.5833,1705121055035.1877,1705121055048.8054,1705121055051.5513,1705121055051.5518,[],44,0
fn829_1,1705121055041.733,1705121055053.893,1705121055042.5886,1705121055042.7952,1705121055042.8313,1705121055042.8313,1705121055049.3206,1705121055049.5457,1705121055049.7222,1705121055053.3135,1705121055053.314,[],19,0
fn831_1,1705121055052.347,1705121055073.7869,1705121055053.3203,1705121055053.474,1705121055053.4966,1705121055053.4968,1705121055063.7542,1705121055058.6672,1705121055070.5527,1705121055072.9016,1705121055072.902,[],0,0
fn833_1,1705121055073.8376,1705121055095.0532,1705121055075.0657,1705121055075.291,1705121055075.3445,1705121055075.3447,1705121055080.6958,1705121055080.6387,1705121055092.056,1705121055094.06,1705121055094.0603,[],0,0
fn830_1,1705121055045.371,1705121055106.6855,1705121055046.3699,1705121055046.5881,1705121055046.6238,1705121055046.624,1705121055052.5913,1705121055052.2368,1705121055103.5298,1705121055105.8484,1705121055105.8489,[],77,0
fn834_1,1705121055095.1091,1705121055108.454,1705121055096.3635,1705121055096.6392,1705121055096.7136,1705121055096.7139,1705121055104.3037,1705121055104.0325,1705121055104.0688,1705121055107.783,1705121055107.7837,[],1,0
fn832_1,1705121055053.925,1705121055113.4539,1705121055054.542,1705121055054.7756,1705121055054.799,1705121055054.799,1705121055070.553,1705121055071.8452,1705121055109.027,1705121055112.3545,1705121055112.3552,['requests_toolbelt'],70,0
fn835_1,1705121055106.7566,1705121055130.0977,1705121055108.1125,1705121055109.5432,1705121055112.9067,1705121055112.907,1705121055123.3955,1705121055123.956,1705121055124.2314,1705121055128.9036,1705121055128.904,[],74,0
fn837_1,1705121055113.5007,1705121055131.0261,1705121055117.007,1705121055117.2122,1705121055117.2415,1705121055117.2415,1705121055124.699,1705121055125.01,1705121055125.946,1705121055129.2456,1705121055129.2463,[],44,0
fn807_1,1705121054766.6958,1705121055150.7703,1705121054767.6885,1705121054768.0361,1705121054768.0947,1705121054768.095,1705121054811.4514,1705121054812.8015,1705121055147.013,1705121055149.7412,1705121055149.7417,[],46,0
fn840_1,1705121055150.85,1705121055165.586,1705121055152.161,1705121055152.3916,1705121055152.4326,1705121055152.4329,1705121055158.6,1705121055158.7783,1705121055158.9434,1705121055164.6357,1705121055164.6362,[],0,0
fn838_1,1705121055130.1494,1705121055179.7417,1705121055132.0144,1705121055132.3572,1705121055132.3977,1705121055132.3982,1705121055142.5168,1705121055143.6182,1705121055161.018,1705121055164.755,1705121055164.7554,[],69,0
fn836_1,1705121055108.4849,1705121055180.7485,1705121055112.928,1705121055116.9058,1705121055116.9478,1705121055116.9478,1705121055132.342,1705121055135.3328,1705121055175.9883,1705121055178.6428,1705121055178.6433,['requests_toolbelt'],70,0
fn841_1,1705121055165.642,1705121055222.7158,1705121055166.8652,1705121055167.276,1705121055167.32,1705121055167.3203,1705121055184.2834,1705121055185.1052,1705121055219.3213,1705121055221.9458,1705121055221.9468,['requests_toolbelt'],70,0
fn822_1,1705121055000.7124,1705121055223.851,1705121055004.7842,1705121055004.9717,1705121055004.9978,1705121055004.998,1705121055015.7615,1705121055017.4465,1705121055218.98,1705121055222.6636,1705121055222.664,[],44,0
fn845_1,1705121055223.893,1705121055236.5366,1705121055224.9727,1705121055225.158,1705121055225.1965,1705121055225.1968,1705121055232.868,1705121055231.8472,1705121055231.8848,1705121055235.707,1705121055235.7078,[],1,0
fn844_1,1705121055222.785,1705121055238.1492,1705121055224.8555,1705121055225.1128,1705121055225.1619,1705121055225.1624,1705121055231.5588,1705121055231.6804,1705121055231.682,1705121055237.517,1705121055237.5178,[],0,0
fn842_1,1705121055179.7954,1705121055240.699,1705121055181.6816,1705121055181.9507,1705121055182.0378,1705121055182.038,1705121055194.049,1705121055196.5022,1705121055220.4443,1705121055224.864,1705121055224.8645,[],69,0
fn846_1,1705121055236.582,1705121055248.5347,1705121055237.4968,1705121055237.7537,1705121055237.7961,1705121055237.7964,1705121055241.7788,1705121055243.313,1705121055243.35,1705121055247.8274,1705121055247.828,[],0,0
fn847_1,1705121055238.1824,1705121055253.564,1705121055238.92,1705121055239.1338,1705121055239.1711,1705121055239.1714,1705121055245.8867,1705121055245.6458,1705121055250.3425,1705121055252.8943,1705121055252.8948,[],0,0
fn849_1,1705121055248.5715,1705121055295.5217,1705121055249.372,1705121055249.6965,1705121055249.738,1705121055249.738,1705121055260.383,1705121055261.4075,1705121055277.2424,1705121055281.0122,1705121055281.0127,[],69,0
fn848_1,1705121055240.7407,1705121055318.357,1705121055241.7812,1705121055242.0168,1705121055242.055,1705121055242.0552,1705121055248.1418,1705121055248.8354,1705121055314.031,1705121055317.4578,1705121055317.4585,[],59,0
fn851_1,1705121055295.5789,1705121055352.8823,1705121055296.8477,1705121055297.0457,1705121055297.0842,1705121055297.0845,1705121055345.7925,1705121055346.5862,1705121055347.9075,1705121055351.8608,1705121055351.8616,[],1,0
fn839_1,1705121055131.0627,1705121055372.7175,1705121055131.9404,1705121055132.1912,1705121055132.2878,1705121055132.288,1705121055139.5742,1705121055140.0908,1705121055369.7942,1705121055371.742,1705121055371.7427,[],8,0
fn854_1,1705121055372.7837,1705121055403.0425,1705121055374.0798,1705121055374.3699,1705121055374.4155,1705121055374.4158,1705121055382.446,1705121055383.6626,1705121055398.2712,1705121055402.0234,1705121055402.0242,[],44,0
fn855_1,1705121055403.099,1705121055417.9697,1705121055404.2869,1705121055404.5347,1705121055404.58,1705121055404.5803,1705121055410.9006,1705121055411.0989,1705121055411.315,1705121055417.0813,1705121055417.082,[],0,0
fn850_1,1705121055253.6047,1705121055422.984,1705121055254.545,1705121055254.7505,1705121055254.7993,1705121055254.7996,1705121055262.5288,1705121055262.9075,1705121055419.3687,1705121055422.1628,1705121055422.1633,[],44,0
fn856_1,1705121055418.025,1705121055430.3667,1705121055419.2622,1705121055419.4856,1705121055419.5278,1705121055419.528,1705121055425.7336,1705121055425.2783,1705121055425.3118,1705121055429.6172,1705121055429.6177,[],0,0
fn858_1,1705121055430.4128,1705121055443.702,1705121055431.466,1705121055431.6968,1705121055431.7332,1705121055431.7334,1705121055438.6086,1705121055439.134,1705121055439.4785,1705121055443.021,1705121055443.0215,[],44,0
fn843_1,1705121055180.7842,1705121055469.1406,1705121055181.6367,1705121055181.9397,1705121055181.9917,1705121055181.992,1705121055191.0337,1705121055191.7366,1705121055465.431,1705121055468.1711,1705121055468.1716,[],46,0
fn853_1,1705121055352.94,1705121055473.7925,1705121055354.1887,1705121055354.471,1705121055354.511,1705121055354.5115,1705121055360.7703,1705121055361.842,1705121055470.6777,1705121055472.9902,1705121055472.9907,['blackd'],14,0
fn861_1,1705121055473.8381,1705121055543.9226,1705121055474.9438,1705121055475.1665,1705121055475.2107,1705121055475.211,1705121055511.2266,1705121055511.6672,1705121055539.4707,1705121055542.838,1705121055542.8386,[],73,0
fn860_1,1705121055469.2095,1705121055547.8757,1705121055470.5063,1705121055470.8005,1705121055470.8464,1705121055470.8467,1705121055505.8447,1705121055506.9197,1705121055544.524,1705121055547.064,1705121055547.0645,[],73,0
fn863_1,1705121055547.9126,1705121055562.5547,1705121055548.716,1705121055548.904,1705121055548.9397,1705121055548.94,1705121055556.586,1705121055556.6406,1705121055556.6914,1705121055561.5842,1705121055561.585,[],1,0
fn862_1,1705121055543.9834,1705121055569.1963,1705121055545.2607,1705121055545.562,1705121055545.6157,1705121055545.616,1705121055554.0122,1705121055554.5212,1705121055565.3752,1705121055568.3494,1705121055568.3499,[],44,0
fn864_1,1705121055562.6113,1705121055583.2817,1705121055563.894,1705121055564.1926,1705121055564.239,1705121055564.2393,1705121055572.487,1705121055571.2183,1705121055580.2744,1705121055582.4634,1705121055582.4636,[],0,0
fn852_1,1705121055318.4014,1705121055592.9229,1705121055319.3171,1705121055319.6003,1705121055319.6501,1705121055319.6504,1705121055352.0312,1705121055352.2175,1705121055589.3335,1705121055592.028,1705121055592.0288,[],1,0
fn866_1,1705121055583.328,1705121055595.8342,1705121055584.2258,1705121055584.4312,1705121055584.4658,1705121055584.4658,1705121055590.1648,1705121055590.4622,1705121055590.5088,1705121055595.123,1705121055595.1235,[],34,0
fn867_1,1705121055592.983,1705121055608.925,1705121055594.1868,1705121055594.439,1705121055594.4949,1705121055594.495,1705121055600.8425,1705121055602.4155,1705121055603.69,1705121055608.0396,1705121055608.0403,[],44,0
fn868_1,1705121055595.8713,1705121055612.5032,1705121055596.768,1705121055597.007,1705121055597.0715,1705121055597.0715,1705121055605.9475,1705121055607.1538,1705121055607.6804,1705121055611.7402,1705121055611.7407,[],44,0
fn869_1,1705121055608.9736,1705121055626.834,1705121055610.1284,1705121055610.413,1705121055610.472,1705121055610.4722,1705121055616.955,1705121055617.807,1705121055622.0974,1705121055625.8447,1705121055625.8455,[],21,0
fn865_1,1705121055569.2522,1705121055632.436,1705121055570.4224,1705121055570.829,1705121055570.8777,1705121055570.878,1705121055588.3796,1705121055590.4338,1705121055628.8633,1705121055631.7007,1705121055631.7012,['requests_toolbelt'],70,0
fn872_1,1705121055632.482,1705121055648.1663,1705121055633.536,1705121055633.7568,1705121055633.7964,1705121055633.7964,1705121055639.6697,1705121055639.873,1705121055643.523,1705121055647.1343,1705121055647.135,[],0,0
fn873_1,1705121055648.2207,1705121055662.8696,1705121055649.469,1705121055649.7197,1705121055649.7683,1705121055649.7683,1705121055656.0208,1705121055656.213,1705121055656.2139,1705121055661.9465,1705121055661.9473,[],0,0
fn857_1,1705121055423.0337,1705121055687.541,1705121055424.1365,1705121055424.3672,1705121055424.424,1705121055424.4246,1705121055431.832,1705121055432.2837,1705121055683.9597,1705121055686.6423,1705121055686.6428,[],1,0
fn875_1,1705121055687.6072,1705121055705.2803,1705121055688.824,1705121055689.1504,1705121055689.2058,1705121055689.206,1705121055697.3132,1705121055698.4932,1705121055699.892,1705121055704.3572,1705121055704.3577,[],44,0
fn876_1,1705121055705.3335,1705121055719.0713,1705121055706.4673,1705121055706.7085,1705121055706.7764,1705121055706.777,1705121055713.392,1705121055713.5115,1705121055713.5725,1705121055718.104,1705121055718.1042,[],21,0
fn877_1,1705121055719.1262,1705121055734.2732,1705121055720.352,1705121055720.6418,1705121055720.6943,1705121055720.6946,1705121055727.3064,1705121055728.423,1705121055728.7092,1705121055733.2183,1705121055733.219,[],14,0
fn878_1,1705121055734.3347,1705121055783.602,1705121055735.6733,1705121055736.0466,1705121055736.1218,1705121055736.122,1705121055744.4746,1705121055746.009,1705121055779.058,1705121055782.4297,1705121055782.4304,[],76,0
fn859_1,1705121055443.736,1705121055826.8945,1705121055444.5186,1705121055444.7717,1705121055444.8096,1705121055444.8098,1705121055452.8428,1705121055452.9502,1705121055823.1152,1705121055825.7793,1705121055825.7798,[],52,0
fn880_1,1705121055826.9644,1705121055842.4673,1705121055828.404,1705121055828.6843,1705121055828.7349,1705121055828.7356,1705121055835.3047,1705121055835.8042,1705121055835.8513,1705121055841.5762,1705121055841.577,[],0,0
fn879_1,1705121055783.6628,1705121055860.185,1705121055784.9446,1705121055785.232,1705121055785.2861,1705121055785.2864,1705121055792.1519,1705121055792.975,1705121055856.74,1705121055859.012,1705121055859.0125,[],77,0
fn881_1,1705121055842.5193,1705121055860.3237,1705121055843.7173,1705121055843.9983,1705121055844.0437,1705121055844.044,1705121055852.1233,1705121055853.218,1705121055854.5347,1705121055858.9973,1705121055858.9978,[],44,0
fn870_1,1705121055612.5452,1705121055864.7034,1705121055613.3826,1705121055613.6194,1705121055613.6458,1705121055613.6458,1705121055620.7395,1705121055621.1455,1705121055862.114,1705121055864.067,1705121055864.0671,[],8,0
fn874_1,1705121055662.9246,1705121055901.411,1705121055664.1235,1705121055664.4246,1705121055664.4673,1705121055664.4675,1705121055673.2266,1705121055674.8599,1705121055898.7144,1705121055900.5867,1705121055900.5872,[],46,0
fn871_1,1705121055626.8857,1705121055990.8625,1705121055628.0771,1705121055628.4753,1705121055628.529,1705121055628.5293,1705121055635.1165,1705121055636.5254,1705121055988.344,1705121055990.0864,1705121055990.087,[],58,0
